[[ 0.06829542]
 [-0.02348718]
 [ 0.11121924]] [[-5.97518535]
 [-1.03846755]
 [24.21109053]]
[[ 0.0671731 ]
 [-0.01870815]
 [ 0.11118091]] [[-5.9753448 ]
 [-1.04001167]
 [24.21071718]]
[[ 0.07030324]
 [-0.021752  ]
 [ 0.11133025]] [[-5.9739846 ]
 [-1.04130744]
 [24.20088287]]
[[ 0.06871571]
 [-0.02363095]
 [ 0.11159308]] [[-5.97558254]
 [-1.04104681]
 [24.20838084]]



 [[ 0.04489276]
 [-0.0228803 ]
 [ 0.08661881]] [[-6.14669625]
 [-0.3760064 ]
 [23.91673363]]
[[-0.02712931]
 [-0.03892657]
 [ 0.08362269]] [[-6.1690873 ]
 [-0.32346364]
 [24.24949401]]
[[-0.15162114]
 [-0.06641166]
 [ 0.07962657]] [[-6.2112819 ]
 [-0.26684622]
 [24.6957964 ]]
[[-0.20664975]
 [-0.06968784]
 [ 0.07259445]] [[-6.2375645 ]
 [-0.19467849]
 [24.81189996]]
[[-0.22072894]
 [-0.07704939]
 [ 0.06956307]] [[-6.25998567]
 [-0.16142479]
 [24.89804836]]
[[-0.3394319 ]
 [-0.0604424 ]
 [ 0.06454515]] [[-6.26399563]
 [-0.14352718]
 [25.31751049]]
[[-0.40210504]
 [-0.06817618]
 [ 0.0652204 ]] [[-6.24669643]
 [-0.16378546]
 [25.54448014]]
[[-0.44004087]
 [-0.06937519]
 [ 0.06407937]] [[-6.23795006]
 [-0.13259678]
 [25.66061013]]
[[-0.46070145]
 [-0.06785327]
 [ 0.06918791]] [[-6.22108071]
 [-0.15063732]
 [25.81703046]]
[[-0.50019228]
 [-0.06652017]
 [ 0.06727133]] [[-6.22901656]
 [-0.07273778]
 [25.95403494]]
[[-0.53643149]
 [-0.0657297 ]
 [ 0.06501866]] [[-6.23178728e+00]
 [-2.59744545e-02]
 [ 2.61390097e+01]]
[[-0.55707365]
 [-0.05255618]
 [ 0.06197857]] [[-6.24637466]
 [ 0.04885594]
 [26.22439462]]
[[-0.53667306]
 [-0.05493961]
 [ 0.06207003]] [[-6.24438049e+00]
 [-5.94885338e-03]
 [ 2.61149898e+01]]
[[-0.52674189]
 [-0.06573632]
 [ 0.06558198]] [[-6.23406072]
 [-0.05900888]
 [26.09329323]]
[[-0.52650735]
 [-0.06703865]
 [ 0.0657488 ]] [[-6.23360796]
 [-0.06930209]
 [26.06441132]]
[[-0.51890475]
 [-0.07210007]
 [ 0.06732567]] [[-6.22420803]
 [-0.07541831]
 [26.04698093]]
[[-0.51828984]
 [-0.07623111]
 [ 0.06569813]] [[-6.22942444]
 [-0.07943579]
 [25.98535287]]
[[-0.45524462]
 [-0.08779952]
 [ 0.06856281]] [[-6.16323263]
 [-0.14650186]
 [25.68377778]]
[[-0.40871204]
 [-0.08480534]
 [ 0.06461367]] [[-6.16662493]
 [-0.17984611]
 [25.49025373]]
[[-0.24629328]
 [-0.06201445]
 [ 0.07154896]] [[-6.08312648]
 [-0.21444022]
 [24.94097444]]
[[-0.15005172]
 [-0.05435654]
 [ 0.06832286]] [[-6.09417025]
 [-0.120575  ]
 [24.60711305]]
[[-0.10329305]
 [-0.05305255]
 [ 0.07210476]] [[-6.06687138]
 [-0.11665549]
 [24.4114278 ]]
[[ 0.01819471]
 [-0.01695813]
 [ 0.07654628]] [[-6.02022828]
 [-0.14715054]
 [24.0131048 ]]
[[ 0.01606835]
 [-0.00565502]
 [ 0.07447912]] [[-6.02055534]
 [-0.1522269 ]
 [24.0134954 ]]
[[ 0.02124317]
 [-0.00840563]
 [ 0.07427486]] [[-6.02124449]
 [-0.15374941]
 [24.00856427]]
[[ 0.02578176]
 [-0.01025322]
 [ 0.07424067]] [[-6.02196372]
 [-0.15538229]
 [24.00113789]]


 