Epoch	AverageEpRet	StdEpRet	MaxEpRet	MinEpRet	EpLen	AverageQ1Vals	StdQ1Vals	MaxQ1Vals	MinQ1Vals	AverageQ2Vals	StdQ2Vals	MaxQ2Vals	MinQ2Vals	AverageLogPi	StdLogPi	MaxLogPi	MinLogPi	LossPi	LossQ	Time
6	-0.037245613	0.18454172	0.22708422	-0.31668556	1.0	-0.07687387	0.0026685426	-0.074790664	-0.08131562	-0.08696365	0.008912469	-0.080005646	-0.10179798	-1.1451054	0.41929877	-0.4459381	-1.5623906	-0.13558193	0.11011139	15.497822999954224
7	0.16523112	0.0	0.16523112	0.16523112	1.0	-0.08063619	0.00603331	-0.075489916	-0.09023593	-0.09281938	0.009907695	-0.08706465	-0.10997985	-1.1167009	0.4832897	-0.4099455	-1.5895765	-0.1317287	0.0834747	17.962024450302124
8	-0.19508292	0.0	-0.19508292	-0.19508292	1.0	-0.080672964	0.0029853745	-0.07557131	-0.082770884	-0.084827766	0.0018776717	-0.08295761	-0.08693528	-1.1189048	0.27728972	-0.6618993	-1.4055903	-0.1348808	0.05017115	20.418980836868286
9	-0.07124206	0.0	-0.07124206	-0.07124206	1.0	-0.081432976	0.003416278	-0.07825182	-0.08719732	-0.09896299	0.0061339187	-0.088855185	-0.1054173	-1.4382105	0.35032144	-0.8978903	-1.79317	-0.19062531	0.0637427	22.947155475616455
10	0.031998307	0.0	0.031998307	0.031998307	1.0	-0.086218104	0.0032409877	-0.08215025	-0.090181604	-0.09529883	0.007137844	-0.08817063	-0.10476655	-1.5697777	0.15510605	-1.3266404	-1.7402422	-0.22086373	0.070838	25.450887441635132
11	0.05541669	0.0	0.05541669	0.05541669	1.0	-0.079852365	0.003171424	-0.07641618	-0.08446406	-0.087975234	0.0046402453	-0.08376367	-0.09582271	-1.6979607	0.08710189	-1.5691223	-1.808328	-0.25393403	0.02359815	27.933602333068848
12	-0.23901941	0.0	-0.23901941	-0.23901941	1.0	-0.07787735	0.00632705	-0.066959575	-0.08238438	-0.090581305	0.004123537	-0.08466005	-0.096174955	-1.6291692	0.1784342	-1.3916925	-1.8475536	-0.23797983	0.08803356	30.482266902923584
13	0.43262342	0.0	0.43262342	0.43262342	1.0	-0.078984834	0.002401937	-0.07555441	-0.081297085	-0.086009026	0.005880759	-0.079396255	-0.09460016	-1.172863	0.25842807	-0.82468224	-1.545217	-0.15030888	0.057302833	32.99407482147217
14	0.36928204	0.0	0.36928204	0.36928204	1.0	-0.071246676	0.0068030185	-0.064453185	-0.078549154	-0.08728905	0.0028584143	-0.08457334	-0.09209716	-1.7348748	0.10557456	-1.5998583	-1.892835	-0.26407647	0.3632877	35.503613233566284
15	0.20523752	0.0	0.20523752	0.20523752	1.0	-0.071123034	0.0024653	-0.0682115	-0.07493009	-0.080108106	0.0030479992	-0.07534778	-0.08384651	-1.0321457	0.40767664	-0.54034686	-1.6649051	-0.13038196	0.07135824	38.02185320854187
16	-0.37896508	0.0	-0.37896508	-0.37896508	1.0	-0.066451795	0.0041653025	-0.0636154	-0.07360203	-0.07597177	0.00245861	-0.071723044	-0.07765906	-1.713912	0.15409324	-1.4518193	-1.8307443	-0.27104655	0.010619607	40.51681995391846
17	-0.20749086	0.0	-0.20749086	-0.20749086	1.0	-0.06426791	0.0057195895	-0.054381303	-0.06786014	-0.0749694	0.0038379403	-0.069035284	-0.07835974	-0.99198395	0.5711751	-0.2042365	-1.6553104	-0.12878987	0.18532601	43.042882204055786
18	-0.45670027	0.0	-0.45670027	-0.45670027	1.0	-0.061870176	0.0021078456	-0.05826822	-0.06359871	-0.07104817	0.0031610334	-0.06714307	-0.07469289	-1.2377142	0.31459486	-0.765995	-1.5617526	-0.18179508	0.16869028	45.565369844436646
19	0.3535321	0.0	0.3535321	0.3535321	1.0	-0.059951793	0.005310553	-0.055997327	-0.06891908	-0.065666676	0.0016922064	-0.06421171	-0.06834364	-1.3576269	0.34986678	-0.88702965	-1.8653617	-0.209874	0.27308422	48.06611180305481
20	-0.22230768	0.0	-0.22230768	-0.22230768	1.0	-0.05421394	0.006833286	-0.044636935	-0.06396276	-0.056545574	0.002218306	-0.05483567	-0.060351685	-1.1641787	0.6147172	-0.1319027	-1.6410813	-0.17968759	0.082558334	50.60397028923035
21	0.19327246	0.0	0.19327246	0.19327246	1.0	-0.043373704	0.007076509	-0.03711953	-0.054310247	-0.05331077	0.0015070648	-0.051769767	-0.054817643	-1.4860898	0.30816984	-1.1795349	-1.8445086	-0.24833877	0.25923234	53.0875084400177
22	0.09563497	0.0	0.09563497	0.09563497	1.0	-0.04423894	0.0021132464	-0.040580235	-0.04555872	-0.04971589	0.006056647	-0.04106708	-0.055397518	-1.351444	0.40524384	-0.68300676	-1.7358665	-0.22455099	0.20674229	55.615785360336304
23	0.3059001	0.0	0.3059001	0.3059001	1.0	-0.03644019	0.0044688783	-0.028786685	-0.04007384	-0.042590715	0.0025684321	-0.03950294	-0.045568474	-1.3638589	0.32673514	-1.0007656	-1.7650528	-0.23547885	0.19423725	58.095266819000244
24	0.106993705	0.0	0.106993705	0.106993705	1.0	-0.03196395	0.0009400918	-0.030896123	-0.033439625	-0.03502663	0.0018191411	-0.03202554	-0.0368551	-1.5387677	0.19636802	-1.2565904	-1.7980912	-0.2777812	0.038309515	60.55947208404541
25	-0.070195325	0.0	-0.070195325	-0.070195325	1.0	-0.028835673	0.0012195837	-0.026963735	-0.030271897	-0.03192427	0.00409355	-0.02709421	-0.036885355	-1.206002	0.39587894	-0.85814786	-1.8781497	-0.21413885	0.10902517	63.15394353866577
26	-0.36079133	0.0	-0.36079133	-0.36079133	1.0	-0.028698135	0.0074611534	-0.020267095	-0.038227033	-0.029437533	0.0013403489	-0.027390819	-0.031152736	-1.0067964	0.25123495	-0.81774235	-1.4392371	-0.1735506	0.18215892	65.71251249313354
27	0.2733838	0.0	0.2733838	0.2733838	1.0	-0.016885206	0.00446047	-0.0118085295	-0.02137351	-0.02212553	0.002835168	-0.018776955	-0.026199281	-1.1280699	0.53787917	-0.40867615	-1.8585601	-0.20744504	0.07409496	68.1553430557251
28	0.3055357	0.0	0.3055357	0.3055357	1.0	-0.018458134	0.006261268	-0.011535386	-0.026891977	-0.021057952	0.0056008683	-0.015392721	-0.029681325	-1.1594266	0.06305304	-1.0581584	-1.2188656	-0.21432799	0.16033792	70.63282084465027
29	-0.15576738	0.0	-0.15576738	-0.15576738	1.0	-0.014940339	0.008579337	-0.0034860512	-0.027642723	-0.0148378145	0.0049577886	-0.008554177	-0.019881224	-1.3645717	0.19685696	-1.167376	-1.6876692	-0.2582126	0.13470788	73.0911386013031
30	0.39978302	0.0	0.39978302	0.39978302	1.0	-0.01532193	0.006192747	-0.00868323	-0.024796482	-0.018340273	0.0062533277	-0.013067031	-0.028984092	-1.314306	0.4698371	-0.5889554	-1.8508576	-0.24570003	0.25367057	75.58033013343811
31	-0.07794469	0.0	-0.07794469	-0.07794469	1.0	-0.008709215	0.0041513834	-0.002741645	-0.0125893215	-0.0125196995	0.007373495	-0.00027834624	-0.018316384	-1.1429603	0.37380084	-0.505538	-1.4139707	-0.21989228	0.08834175	78.02673625946045
32	-0.21688741	0.0	-0.21688741	-0.21688741	1.0	-0.008177028	0.0063116876	-0.0022245431	-0.018227287	-0.0031375512	0.0063083246	0.007416688	-0.009223018	-1.5597799	0.09976127	-1.4034154	-1.6812041	-0.30548078	0.1992179	80.55336928367615
33	0.16641162	0.0	0.16641162	0.16641162	1.0	-0.0005938285	0.0038858054	0.0036754403	-0.0069215447	0.00025745668	0.004131833	0.006786477	-0.003833983	-1.3221117	0.3606072	-0.8142555	-1.7908494	-0.2652473	0.08930926	83.05188298225403
34	-0.05287955	0.0	-0.05287955	-0.05287955	1.0	0.0010493798	0.0010407993	0.0025777128	-0.00022816844	0.00030516554	0.004236143	0.0055371933	-0.0047516637	-1.4028711	0.27473652	-1.0078783	-1.7547033	-0.28249523	0.16487876	85.53038358688354
35	-0.11081082	0.0	-0.11081082	-0.11081082	1.0	0.0069099674	0.004427818	0.01400697	0.0029540826	0.003971114	0.0041935015	0.011133645	0.0008856207	-1.1674695	0.39282444	-0.60394764	-1.6615888	-0.23811845	0.068991125	88.00457048416138
36	0.20054343	0.0	0.20054343	0.20054343	1.0	0.0036944197	0.007851586	0.012997437	-0.006638769	0.0025164997	0.007421076	0.011439797	-0.007431578	-1.2581403	0.15961178	-1.0030437	-1.4110066	-0.25597814	0.093509406	90.56232404708862
37	0.25175646	0.0	0.25175646	0.25175646	1.0	0.009844352	0.007930963	0.018791132	-0.00244301	0.00924632	0.0053905784	0.018422525	0.004812017	-1.2341001	0.42539904	-0.6482897	-1.7101477	-0.25484526	0.057392552	93.0478572845459
38	0.31139457	0.0	0.31139457	0.31139457	1.0	0.010748966	0.0014156864	0.011846135	0.008386579	0.008158896	0.005056653	0.011379153	-0.0005935952	-1.4239354	0.23548137	-1.0574372	-1.7079868	-0.29259107	0.13531125	95.58236885070801
39	-0.24151295	0.0	-0.24151295	-0.24151295	1.0	0.011964336	0.0064297817	0.020402845	0.0026679747	0.009437634	0.009054206	0.01933572	-0.0050269403	-1.2679594	0.21194889	-1.0082054	-1.4845135	-0.26235843	0.089460544	98.0476815700531
40	0.21840826	0.0	0.21840826	0.21840826	1.0	0.009014073	0.0027668525	0.011742159	0.004390522	0.0060983617	0.0046939943	0.011055093	-0.0015046857	-1.0064869	0.15524678	-0.9037602	-1.2746103	-0.20873618	0.20250544	100.50789856910706
41	-0.47270226	0.0	-0.47270226	-0.47270226	1.0	0.013234675	0.007839081	0.022463977	0.004532736	0.007855544	0.007063173	0.01645809	-0.0026584715	-1.6981244	0.07782691	-1.6213045	-1.8177853	-0.34832686	0.11234221	103.0111312866211
42	-0.29876262	0.0	-0.29876262	-0.29876262	1.0	0.014165668	0.0041925884	0.01819062	0.008130914	0.016989373	0.0040264195	0.023365624	0.01323064	-1.1598296	0.29494599	-0.8924422	-1.6105764	-0.24737395	0.10069756	105.47995924949646
43	0.12865968	0.0	0.12865968	0.12865968	1.0	0.01409793	0.0076263063	0.02572484	0.007081094	0.0059395926	0.008892874	0.020226888	-0.0033835024	-1.1127932	0.26853618	-0.65230465	-1.3025441	-0.22901466	0.09719136	107.96178817749023
44	0.30302972	0.0	0.30302972	0.30302972	1.0	0.022265878	0.002735047	0.02487091	0.018482469	0.023200164	0.0027532973	0.025091186	0.018442303	-1.4464533	0.4014147	-0.7889037	-1.8045824	-0.3110667	0.08400281	110.44177794456482
45	0.14972453	0.0	0.14972453	0.14972453	1.0	0.020150054	0.0068618464	0.025396392	0.008415476	0.017684221	0.00585926	0.025287095	0.011834405	-1.2771207	0.32908103	-0.77448463	-1.5740349	-0.27255118	0.22241932	112.91934967041016
46	0.21071547	0.0	0.21071547	0.21071547	1.0	0.013091379	0.0033785524	0.018867023	0.010278831	0.0071420725	0.001807851	0.009455182	0.0043811724	-1.2173609	0.2950448	-0.82736444	-1.6579164	-0.2516689	0.21843211	115.43052124977112
47	0.29352683	0.0	0.29352683	0.29352683	1.0	0.017455798	0.002460314	0.020299051	0.014445247	0.019448876	0.0013735959	0.02084266	0.017948106	-1.3651714	0.21572722	-1.0481	-1.619427	-0.29210627	0.11915933	117.94761037826538
49	0.36086133	0.0	0.36086133	0.36086133	1.0	0.02177605	0.007364493	0.033243038	0.009204885	0.022135591	0.007619158	0.031322047	0.009044368	-1.2749238	0.38190132	-0.64611864	-1.7916762	-0.27702606	0.12170301	122.99185752868652
50	0.04832274	0.0	0.04832274	0.04832274	1.0	0.02332202	0.0034255926	0.02838159	0.019233909	0.023014754	0.003999327	0.027587548	0.016856812	-1.2834405	0.6846649	-0.51815796	-2.3837	-0.2816012	0.083029285	125.4816665649414
51	0.020681666	0.0	0.020681666	0.020681666	1.0	0.030905845	0.0054114847	0.03673458	0.023259606	0.035152078	0.0072762263	0.043791033	0.026427805	-1.4665122	0.21354885	-1.1592073	-1.718677	-0.32744908	0.10174391	128.01343941688538
52	-0.053656135	0.0	-0.053656135	-0.053656135	1.0	0.031847075	0.0038081731	0.03542069	0.025428947	0.0337558	0.0021844613	0.035875957	0.03009453	-1.2496959	0.22896877	-0.9239354	-1.5594184	-0.2825685	0.114255786	130.50319981575012
53	-0.4612556	0.0	-0.4612556	-0.4612556	1.0	0.03711202	0.007090145	0.043436117	0.026254503	0.03174434	0.0045913183	0.03642969	0.024124458	-1.413635	0.23383872	-1.0787042	-1.7382276	-0.3169037	0.1257332	133.05943512916565
54	0.40108868	0.0	0.40108868	0.40108868	1.0	0.027555473	0.0043344656	0.03420847	0.02236379	0.027088217	0.008198505	0.03542109	0.016333356	-1.1764431	0.29095054	-0.8167753	-1.5140107	-0.26209906	0.069089144	135.54078149795532
55	-0.43909022	0.0	-0.43909022	-0.43909022	1.0	0.034685187	0.0059840837	0.04185014	0.026493516	0.03663048	0.004411304	0.044012338	0.03308382	-1.1959019	0.33302605	-0.661757	-1.5110408	-0.27289972	0.15065357	138.0821132659912
56	0.3054376	0.0	0.3054376	0.3054376	1.0	0.034259733	0.0068442314	0.04393407	0.02658995	0.041073784	0.004131055	0.04495927	0.034885526	-1.1961589	0.41318142	-0.6708431	-1.612046	-0.27427158	0.27606416	140.60723161697388
57	-0.15007204	0.0	-0.15007204	-0.15007204	1.0	0.041407246	0.0076661413	0.047803562	0.028688863	0.04696595	0.007914865	0.054175757	0.033906557	-1.1998193	0.28868255	-0.8487201	-1.6214926	-0.28126854	0.21169278	143.11682629585266
59	0.30252478	0.0	0.30252478	0.30252478	1.0	0.04135599	0.008217705	0.052539997	0.030655531	0.04548313	0.010286121	0.06818903	0.03284704	-1.3582146	0.14237298	-1.1723008	-1.592704	-0.31216437	0.13642776	148.1267533302307
62	-0.11105706	0.0	-0.11105706	-0.11105706	1.0	0.045321185	0.0082464125	0.05878957	0.030806243	0.049864292	0.007884199	0.063385926	0.036180623	-1.3951191	0.25269327	-0.82950354	-1.693168	-0.3236272	0.14790626	155.51769161224365
63	0.23262537	0.0	0.23262537	0.23262537	1.0	0.03844983	0.0061158757	0.045820326	0.029346697	0.043953486	0.0013769642	0.045832526	0.042293664	-1.1811644	0.06361733	-1.1095229	-1.2828631	-0.27387363	0.18629873	158.07251405715942
64	0.35533953	0.0	0.35533953	0.35533953	1.0	0.03552706	0.007283384	0.042918168	0.027995916	0.04002612	0.010924747	0.051833183	0.022291109	-1.341007	0.100492455	-1.2363815	-1.4662733	-0.300494	0.20566145	160.57947897911072
65	0.3022947	0.0	0.3022947	0.3022947	1.0	0.047151633	0.0047564176	0.05226492	0.04092261	0.050331593	0.006157069	0.05843419	0.0415589	-1.2797576	0.17764233	-1.0828514	-1.5549743	-0.30006152	0.14871323	163.10402846336365
66	-0.25727335	0.0	-0.25727335	-0.25727335	1.0	0.043251075	0.002002228	0.044716332	0.03983339	0.04938678	0.0036104755	0.053277474	0.04373317	-1.3418368	0.18814464	-1.0710897	-1.5835626	-0.30935094	0.09178118	165.6250786781311
67	0.41070688	0.0	0.41070688	0.41070688	1.0	0.032543395	0.00730547	0.03964567	0.023021383	0.030573882	0.008055772	0.036077812	0.016751032	-1.4102166	0.09809098	-1.2458863	-1.4923844	-0.31057203	0.07456166	168.15697741508484
68	0.2907981	0.0	0.2907981	0.2907981	1.0	0.0310153	0.00632413	0.039224252	0.021625023	0.03114013	0.009939381	0.0417536	0.015242983	-1.298291	0.29050258	-0.88238096	-1.594317	-0.2859801	0.09632008	170.64953422546387
69	0.2996916	0.0	0.2996916	0.2996916	1.0	0.030160576	0.009438792	0.04125823	0.02038206	0.031276762	0.010720681	0.04028153	0.013950884	-1.2113547	0.26943097	-0.78142	-1.5041652	-0.26823848	0.065883234	173.1530523300171
70	-0.26920584	0.0	-0.26920584	-0.26920584	1.0	0.02887273	0.006470856	0.03637129	0.019059908	0.03186582	0.011595807	0.042867456	0.012625769	-2.02604	0.8441405	-1.5084436	-3.4876537	-0.4301488	0.13254285	175.616774559021
71	0.295153	0.0	0.295153	0.295153	1.0	0.03428984	0.004832099	0.040028486	0.029169995	0.03537831	0.008829292	0.045011427	0.02106497	-1.1980535	0.32918403	-0.64862204	-1.5233759	-0.26881373	0.18588239	178.0897581577301
72	-0.47617072	0.0	-0.47617072	-0.47617072	1.0	0.024716744	0.006607671	0.03323572	0.015057546	0.028210625	0.0063446253	0.035902955	0.018819664	-1.3836544	0.05620197	-1.2948432	-1.4337418	-0.29703665	0.23719871	180.63689470291138
73	-0.21910103	0.0	-0.21910103	-0.21910103	1.0	0.02460715	0.0079228785	0.034151882	0.012314297	0.025242997	0.007948777	0.0379246	0.015977763	-1.1927779	0.29938954	-0.67965126	-1.4260864	-0.25905046	0.19646107	183.26514101028442
74	-0.15752897	0.0	-0.15752897	-0.15752897	1.0	0.0213378	0.004565967	0.028450154	0.016528664	0.022633389	0.004692627	0.029208623	0.016061489	-1.5437205	0.09796344	-1.4222804	-1.6822119	-0.32599193	0.16870329	185.85634970664978
75	0.27195138	0.0	0.27195138	0.27195138	1.0	0.020220907	0.0057131927	0.026677104	0.013856867	0.018965442	0.0040177866	0.024225924	0.013109822	-1.4138622	0.30174467	-0.9157548	-1.662793	-0.29785153	0.24716714	188.50514769554138
76	0.39656726	0.0	0.39656726	0.39656726	1.0	0.021215139	0.0066662235	0.026471546	0.009833541	0.015306125	0.00433152	0.022600852	0.011380199	-1.5063773	0.19148113	-1.1779187	-1.6519946	-0.314655	0.06302382	191.1379828453064
77	0.15181871	0.0	0.15181871	0.15181871	1.0	0.016663946	0.0041198176	0.021255849	0.010445384	0.015079943	0.0066460534	0.022194758	0.0075717494	-1.4525348	0.19932719	-1.1569545	-1.6618541	-0.30357075	0.1922611	193.74556255340576
78	0.27114078	0.0	0.27114078	0.27114078	1.0	0.015296865	0.0054383473	0.020842137	0.0070455	0.016822126	0.010111003	0.029261608	0.0010536313	-1.3148272	0.14250457	-1.1450887	-1.4986459	-0.27411458	0.08530705	196.37560105323792
79	-0.109575614	0.0	-0.109575614	-0.109575614	1.0	0.016263828	0.004183869	0.019053496	0.009029602	0.013332986	0.004361475	0.018819641	0.0071767233	-1.1440227	0.13157114	-0.9542184	-1.3210759	-0.2392751	0.107202396	198.9392113685608
80	0.041503023	0.0	0.041503023	0.041503023	1.0	0.017822087	0.0019118267	0.020411417	0.0150790205	0.0106510455	0.002902948	0.015312854	0.0073803365	-1.1195576	0.27837276	-0.68164086	-1.4553894	-0.23362055	0.3215747	201.4846272468567
81	0.13206239	0.0	0.13206239	0.13206239	1.0	0.013398584	0.008637159	0.023552028	-0.0003248034	0.007137697	0.009245685	0.018584136	-0.0071005896	-1.3088387	0.28062007	-0.8862181	-1.6369219	-0.2681069	0.036456615	204.0241665840149
82	0.34509146	0.0	0.34509146	0.34509146	1.0	0.009874554	0.0031795423	0.014776475	0.006541933	0.009733947	0.0076123383	0.021707613	0.002588451	-1.2330327	0.13649243	-1.0904216	-1.43508	-0.25331938	0.048751153	206.57018733024597
83	-0.21593757	0.0	-0.21593757	-0.21593757	1.0	0.016586408	0.0031360553	0.02144561	0.013614976	0.0118989125	0.0009800885	0.013403077	0.010979522	-1.2571876	0.35047668	-0.71441483	-1.6327078	-0.26153862	0.073178574	209.13472318649292
84	-0.07794469	0.0	-0.07794469	-0.07794469	1.0	0.01154872	0.0041716094	0.015307901	0.0044819843	0.009684213	0.004196085	0.015105903	0.0044381917	-1.1920198	0.16093156	-1.0349722	-1.4013162	-0.24631971	0.102957055	211.63437938690186
85	0.26660055	0.0	0.26660055	0.26660055	1.0	0.011335687	0.0042049517	0.016827557	0.0050023543	0.0077164117	0.0039813304	0.013867099	0.0039834604	-1.3920853	0.1285747	-1.289768	-1.6045829	-0.28457046	0.12952307	214.17504620552063
86	0.25530317	0.0	0.25530317	0.25530317	1.0	0.005590466	0.003161565	0.009913846	0.0018432876	6.133411e-05	0.0025110904	0.0038102046	-0.0028508268	-1.4092032	0.1705468	-1.1465068	-1.6076047	-0.28123933	0.2088947	216.658775806427
87	0.077549405	0.0	0.077549405	0.077549405	1.0	0.0049517155	0.0037044573	0.009785358	-0.00027064048	0.001975147	0.001102757	0.0037462153	0.0007915981	-1.2370827	0.23142703	-0.8800974	-1.5254569	-0.2492468	0.13812998	219.17732954025269
89	0.08812945	0.0	0.08812945	0.08812945	1.0	0.008527546	0.0074839042	0.01963747	-0.0013943138	0.0046823216	0.0024711725	0.010155387	0.0011456423	-1.4990389	0.08516089	-1.3941338	-1.6307071	-0.30328333	0.09733165	224.35834169387817
90	-0.011982285	0.0	-0.011982285	-0.011982285	1.0	0.0049811783	0.0021128862	0.0072480477	0.002450373	0.00295851	0.0018240521	0.004567623	-9.744614e-05	-1.3508708	0.09978879	-1.1797876	-1.4228913	-0.2722175	0.12555142	226.9017162322998
91	0.3463805	0.0	0.3463805	0.3463805	1.0	-0.00012065098	0.0031016408	0.0030061603	-0.004370153	0.0045734113	0.004965806	0.009156778	-0.0033773258	-1.3686247	0.18548565	-1.0918992	-1.6144093	-0.27380306	0.13612291	229.422705411911
92	-0.25563726	0.0	-0.25563726	-0.25563726	1.0	0.0034994776	0.0061694244	0.00856051	-0.006973304	0.0009865677	0.004314739	0.0052502416	-0.0061698295	-1.39132	0.12623268	-1.1824533	-1.5181494	-0.27980536	0.08334574	231.91241025924683
93	0.016853224	0.0	0.016853224	0.016853224	1.0	0.0065822443	0.0063146395	0.015362601	-0.001997088	0.0046227984	0.005918473	0.012462296	-0.00400573	-1.3697021	0.17442086	-1.1323259	-1.61025	-0.27803612	0.07227521	234.3322787284851
94	0.21251497	0.0	0.21251497	0.21251497	1.0	0.0059055146	0.0073328093	0.011212568	-0.0065576946	-0.0018495116	0.0023292357	0.00010896847	-0.005591076	-1.2742627	0.0782495	-1.2094058	-1.4073324	-0.2535275	0.26490274	236.83204126358032
95	0.12860489	0.0	0.12860489	0.12860489	1.0	0.0054794336	0.007908043	0.015568308	-0.003470731	0.005413985	0.005777608	0.0116993	-0.0015528612	-1.381608	0.119279124	-1.2808466	-1.5771348	-0.27991587	0.1357069	239.40723085403442
96	0.33423615	0.0	0.33423615	0.33423615	1.0	0.009531725	0.0037617758	0.013138961	0.0041265953	0.0085649695	0.0058932467	0.013119809	-0.0014997832	-1.4085408	0.18801732	-1.088315	-1.5672238	-0.28983325	0.21988279	241.91355061531067
97	0.3003767	0.0	0.3003767	0.3003767	1.0	0.005059392	0.007101637	0.012912717	-0.0063103195	0.005437364	0.0063850554	0.0119536	-0.0051592216	-1.3784837	0.11852739	-1.2793834	-1.5781459	-0.2815589	0.10274811	244.3991720676422
98	0.0998926	0.0	0.0998926	0.0998926	1.0	0.009149104	0.008218823	0.020838778	-0.0023589702	0.0055073015	0.005956218	0.0092526	-0.004792545	-1.4662004	0.057039347	-1.4202676	-1.5636795	-0.29953334	0.057543162	246.9112732410431
99	-0.30603433	0.0	-0.30603433	-0.30603433	1.0	0.0042836578	0.0026666494	0.0082332315	0.0013505975	0.0069991583	0.003504419	0.010572437	0.0018721707	-1.4836665	0.10883486	-1.2972956	-1.5705664	-0.3004698	0.14819075	249.42606449127197
100	-0.22241451	0.0	-0.22241451	-0.22241451	1.0	0.016990285	0.0043827966	0.024001367	0.01294724	0.014546033	0.0051556574	0.0219848	0.008588627	-1.3639622	0.19419773	-1.141592	-1.6479932	-0.28728303	0.09782584	252.01715207099915
102	0.3282349	0.0	0.3282349	0.3282349	1.0	0.007559671	0.007571113	0.021594085	-0.005239901	0.0077006584	0.0058094575	0.020042498	0.002057854	-1.4066247	0.31474864	-1.0579841	-2.10394	-0.28603926	0.19606182	257.0632359981537
103	-0.10144723	0.0	-0.10144723	-0.10144723	1.0	0.01655872	0.010258816	0.02565452	0.0007532686	0.016457982	0.010320876	0.024102088	-0.000993073	-1.3888656	0.10490395	-1.2442393	-1.5250667	-0.29278123	0.15415737	259.5813322067261
104	0.26739725	0.0	0.26739725	0.26739725	1.0	0.011038419	0.0064515984	0.020558883	0.0023499709	0.0035015047	0.00444898	0.010816816	-0.0011265464	-1.3454065	0.12099302	-1.157523	-1.4924651	-0.27357322	0.32636845	262.0754270553589
105	-0.22585842	0.0	-0.22585842	-0.22585842	1.0	0.014014231	0.0120726675	0.026367256	-0.0054006726	0.0108962795	0.010076812	0.02516108	-0.002814062	-1.4682164	0.1061764	-1.3599445	-1.6435287	-0.30366528	0.13460049	264.542711019516
106	-0.45646355	0.0	-0.45646355	-0.45646355	1.0	0.0129289925	0.0029650622	0.017933525	0.010482542	0.008425821	0.004989286	0.015784979	0.0017500892	-1.3967441	0.16971387	-1.1978498	-1.6377468	-0.28594565	0.20283993	267.1030695438385
107	-0.23335437	0.0	-0.23335437	-0.23335437	1.0	0.0069360062	0.0048237117	0.012575769	0.0017509805	0.009636971	0.007913165	0.01826049	-0.0015199296	-1.3609622	0.18501903	-1.1242628	-1.5856853	-0.27977154	0.1687991	269.5807523727417
108	0.20006895	0.0	0.20006895	0.20006895	1.0	0.01213352	0.0081040915	0.019315638	-0.0005980339	0.014488614	0.0068458174	0.02032926	0.0033590496	-1.4497864	0.07166521	-1.3446562	-1.5367905	-0.3027313	0.089965284	272.0082769393921
109	0.28155997	0.0	0.28155997	0.28155997	1.0	0.015235706	0.0026724266	0.019763187	0.012821094	0.01386321	0.0051176394	0.020917248	0.006458018	-1.3993499	0.14444834	-1.2197452	-1.6182644	-0.29265153	0.20612258	274.5333905220032
110	0.26469296	0.0	0.26469296	0.26469296	1.0	0.002313361	0.0040462213	0.007177163	-0.0040609706	0.0015841164	0.00200202	0.003871318	-0.0015894957	-1.10339	0.14958382	-0.8570113	-1.2607287	-0.2211242	0.13703111	277.07034182548523
111	-0.0058302064	0.0	-0.0058302064	-0.0058302064	1.0	0.00770524	0.00018827675	0.007813942	0.007379135	0.00210095	0.0012324811	0.00423567	0.0013893768	-1.4995812	0.15450291	-1.2853463	-1.6827292	-0.30193388	0.0381705	279.5484118461609
112	0.08842931	0.0	0.08842931	0.08842931	1.0	0.0053874077	0.009963637	0.01607424	-0.0057757273	0.0048221583	0.00994261	0.020034298	-0.005381193	-1.3614066	0.10103877	-1.1909735	-1.4552734	-0.27632204	0.19720948	282.04708886146545
113	-0.06280424	0.0	-0.06280424	-0.06280424	1.0	0.01853407	0.001211583	0.02008339	0.016691007	0.020606307	0.0050921077	0.02515192	0.012246117	-1.2732521	0.1397648	-1.1315463	-1.4198027	-0.2716962	0.04740382	284.55992245674133
114	-0.17489775	0.0	-0.17489775	-0.17489775	1.0	0.012080393	0.0014678823	0.013651069	0.0102973245	0.012031343	0.006433478	0.018207993	0.0029369853	-1.4083687	0.0792149	-1.3222156	-1.5149674	-0.2912693	0.1529013	287.07931995391846
115	0.13102257	0.0	0.13102257	0.13102257	1.0	0.01745814	0.0046579693	0.023199972	0.010459697	0.012940149	0.006703667	0.020177666	0.0023765266	-1.2507266	0.28246006	-0.764915	-1.4618483	-0.2623298	0.12963943	289.6207423210144
116	0.35390246	0.0	0.35390246	0.35390246	1.0	0.011157338	0.0059676697	0.019409988	0.002655576	0.011295278	0.006693274	0.018784985	0.0022422634	-1.4392763	0.10319314	-1.2958605	-1.5826347	-0.2957682	0.10124933	292.08238101005554
117	0.27161327	0.0	0.27161327	0.27161327	1.0	0.0054882085	0.0117029855	0.02028148	-0.008852003	0.008582664	0.012772842	0.02245332	-0.008051466	-1.3035437	0.18174352	-1.0948682	-1.5951328	-0.26536095	0.11228496	294.588919878006
118	0.20928104	0.0	0.20928104	0.20928104	1.0	0.01323508	0.011227067	0.02888729	-0.0023077903	0.016251512	0.010274158	0.0300325	0.0023350008	-1.2429341	0.05061828	-1.1813183	-1.3054676	-0.26276425	0.10168855	297.05894446372986
119	-0.0555625	0.0	-0.0555625	-0.0555625	1.0	0.012077381	0.011384865	0.023869924	-0.006627124	0.010474702	0.00810279	0.017365333	-0.0032148324	-1.3711106	0.17477708	-1.1825136	-1.6011785	-0.28410575	0.15587683	299.6328880786896
120	0.24846153	0.0	0.24846153	0.24846153	1.0	0.00900127	0.00814255	0.01732531	-0.0044432823	0.012584735	0.010126677	0.024607431	-0.001672171	-1.2585859	0.19057986	-0.96973526	-1.4993522	-0.2593192	0.16842303	302.1229739189148
121	-0.12252597	0.0	-0.12252597	-0.12252597	1.0	0.010683166	0.010375158	0.022028686	-0.0056228936	0.010871499	0.010052168	0.025762074	-0.0023135692	-1.1901066	0.080185816	-1.0665338	-1.2808378	-0.2449309	0.10894714	304.6615879535675
122	0.20210531	0.0	0.20210531	0.20210531	1.0	0.015457655	0.0076965345	0.02324589	0.004107088	0.02030579	0.0069037233	0.026297152	0.009335294	-1.5456716	0.32196602	-1.1778593	-2.0378332	-0.32650113	0.07228345	307.12690114974976
123	-0.10812921	0.0	-0.10812921	-0.10812921	1.0	0.002408576	0.010550325	0.018674925	-0.009183108	0.0040468443	0.009714659	0.01760279	-0.0089167245	-1.2462178	0.07647084	-1.1464648	-1.3604276	-0.2519272	0.10090776	309.58642172813416
124	-0.4445915	0.0	-0.4445915	-0.4445915	1.0	0.011521097	0.008377426	0.018950973	-0.0026919786	0.01244004	0.0081393	0.02093561	0.0001417473	-1.2915666	0.12679264	-1.0952625	-1.4114406	-0.27057692	0.1460393	312.1333038806915
125	-0.08333663	0.0	-0.08333663	-0.08333663	1.0	0.019409638	0.0067865	0.025994526	0.010038035	0.02253621	0.008825053	0.02893018	0.007324517	-1.3069878	0.13685602	-1.164713	-1.4942799	-0.2825481	0.13205367	314.9015016555786
126	-0.20760475	0.0	-0.20760475	-0.20760475	1.0	0.011318415	0.010699384	0.024408706	-0.0037492374	0.010053904	0.00895161	0.021296304	-0.002556447	-1.3283455	0.19812459	-1.0388415	-1.5838985	-0.27742034	0.102963574	317.44643473625183
127	0.284938	0.0	0.284938	0.284938	1.0	0.017478112	0.006346181	0.026277302	0.008944757	0.016340341	0.00933857	0.02576539	0.006793622	-1.507719	0.076303035	-1.4032867	-1.6025997	-0.31756356	0.12264485	320.00511288642883
128	0.32168052	0.0	0.32168052	0.32168052	1.0	0.018843023	0.0052691684	0.024396628	0.010218314	0.022277702	0.009397821	0.037217505	0.013068762	-1.2339714	0.10886328	-1.0608015	-1.3608155	-0.26557028	0.14434579	322.6594138145447
129	0.18363076	0.0	0.18363076	0.18363076	1.0	0.02011002	0.010551836	0.03422601	0.0046035144	0.01816282	0.009413854	0.028475761	0.0065694675	-1.2455134	0.10175451	-1.0799565	-1.3539841	-0.26631117	0.10282287	325.2256426811218
130	-0.2228683	0.0	-0.2228683	-0.2228683	1.0	0.0221018	0.008733912	0.032730237	0.009987901	0.029923199	0.012391045	0.04058116	0.008881252	-1.3570911	0.1534924	-1.134759	-1.537771	-0.293633	0.1954019	327.7323338985443
131	-0.29394728	0.0	-0.29394728	-0.29394728	1.0	0.012960382	0.012942903	0.03137246	-0.00060460344	0.016406681	0.016818939	0.043929674	0.001710318	-1.3923873	0.16665624	-1.1397021	-1.544533	-0.29193282	0.079075314	330.19270277023315
132	0.24542636	0.0	0.24542636	0.24542636	1.0	0.023036174	0.0067061386	0.030548427	0.016307015	0.021900643	0.0047372533	0.028011948	0.015098732	-1.3273019	0.20427859	-1.0232147	-1.5404638	-0.2860893	0.16665944	332.7318971157074
133	0.2774512	0.0	0.2774512	0.2774512	1.0	0.022522371	0.0052121836	0.02754461	0.013775701	0.020307206	0.0042447587	0.02724887	0.016618311	-1.4610269	0.12571172	-1.2631035	-1.5981343	-0.31061634	0.21749857	335.22167706489563
134	0.03052405	0.0	0.03052405	0.03052405	1.0	0.022426322	0.0065640244	0.02918626	0.012177315	0.02189206	0.0123386225	0.03637231	0.0034490973	-1.5048702	0.05926687	-1.4487962	-1.5899498	-0.32021356	0.13691348	337.71606707572937
135	-0.039527602	0.0	-0.039527602	-0.039527602	1.0	0.017759914	0.008867783	0.028760402	0.0040564425	0.024228992	0.010440099	0.035706107	0.013712205	-1.2732542	0.20377283	-0.95212173	-1.4555664	-0.27021736	0.15127513	340.29332876205444
136	-0.18064436	0.0	-0.18064436	-0.18064436	1.0	0.020599231	0.010091609	0.027164586	0.0031382805	0.023288917	0.0068852897	0.03188562	0.0129047595	-1.5713367	0.006325353	-1.5636915	-1.5787148	-0.33384165	0.11072698	342.8752007484436
137	0.06962177	0.0	0.06962177	0.06962177	1.0	0.020929193	0.010030018	0.030689808	0.005515337	0.022003625	0.00869427	0.032245953	0.008950945	-1.389759	0.055559263	-1.300807	-1.4453514	-0.2967596	0.07971457	345.381050825119
138	-0.027796185	0.0	-0.027796185	-0.027796185	1.0	0.02481758	0.009492334	0.033898372	0.011826896	0.01903297	0.008065469	0.026979733	0.009136472	-1.5717943	0.0689671	-1.4550934	-1.6330392	-0.3337821	0.06354711	347.88839983940125
139	-0.33758205	0.0	-0.33758205	-0.33758205	1.0	0.022257064	0.010014023	0.03360563	0.0061077364	0.026974156	0.012251245	0.03766049	0.0061676465	-1.2424524	0.036116537	-1.1896299	-1.291587	-0.27017984	0.07350261	350.41923809051514
140	-0.23230469	0.0	-0.23230469	-0.23230469	1.0	0.02183895	0.008981835	0.030748565	0.011321784	0.022626076	0.0061351657	0.028283969	0.013613034	-1.404385	0.10833763	-1.2309251	-1.5264345	-0.30262095	0.1141863	352.9582712650299
141	-0.02490184	0.0	-0.02490184	-0.02490184	1.0	0.023445737	0.013781234	0.03648907	0.0014926642	0.023233317	0.015911458	0.039666265	0.0014590807	-1.5080907	0.09098022	-1.3599446	-1.6046823	-0.32432562	0.14142095	355.4642508029938
142	0.14391316	0.0	0.14391316	0.14391316	1.0	0.016459033	0.011386054	0.03301861	0.0056756157	0.02005941	0.012835311	0.0332224	0.0052594244	-1.3181579	0.14978881	-1.0605778	-1.4327769	-0.28014475	0.19076152	358.03062748908997
143	-0.2623212	0.0	-0.2623212	-0.2623212	1.0	0.026849689	0.0049842647	0.035015963	0.021707086	0.029067215	0.00902193	0.04121216	0.017104529	-1.223637	0.18757889	-0.9032731	-1.3726287	-0.27096573	0.06702797	360.57386445999146
144	0.03943066	0.0	0.03943066	0.03943066	1.0	0.024846599	0.007868476	0.034881994	0.012807752	0.024175998	0.0074384953	0.03260596	0.015140645	-1.3189627	0.17818393	-1.074081	-1.5679238	-0.28705913	0.1253137	363.0926675796509
145	-0.0656539	0.0	-0.0656539	-0.0656539	1.0	0.0330996	0.0068495544	0.040382855	0.022327311	0.037594184	0.0075569474	0.04628461	0.02874855	-1.3680186	0.09169846	-1.2453532	-1.4882686	-0.30654004	0.21204814	365.5574731826782
146	0.041233156	0.0	0.041233156	0.041233156	1.0	0.02645096	0.009872856	0.03804808	0.011019703	0.024560053	0.008877087	0.03694776	0.015210219	-1.3534434	0.1327517	-1.1976146	-1.5488147	-0.2940699	0.09913	368.09065771102905
147	0.2873164	0.0	0.2873164	0.2873164	1.0	0.024580326	0.00933117	0.034097552	0.009422735	0.024021093	0.009469356	0.03668337	0.010435171	-1.3652217	0.061211735	-1.2962599	-1.4555387	-0.29765004	0.14128578	370.55949997901917
148	0.31384116	0.0	0.31384116	0.31384116	1.0	0.028713519	0.0066216555	0.034843005	0.018838253	0.027457513	0.0021335573	0.03097323	0.02547532	-1.3535066	0.14834812	-1.1874812	-1.5927231	-0.29778516	0.18187897	373.0902063846588
149	0.15420292	0.0	0.15420292	0.15420292	1.0	0.029383512	0.006079146	0.035910673	0.019418322	0.029035782	0.0065394063	0.035628542	0.02163015	-1.3738751	0.18970463	-1.105084	-1.6401935	-0.30260143	0.3197648	375.61147570610046
150	-0.018444521	0.0	-0.018444521	-0.018444521	1.0	0.036411177	0.007198601	0.042410586	0.024484497	0.035631143	0.0112588	0.043729905	0.016213398	-1.3407242	0.08879844	-1.199745	-1.4444916	-0.30230382	0.117101744	378.079952955246
151	-0.23986174	0.0	-0.23986174	-0.23986174	1.0	0.036611855	0.009654731	0.04815211	0.02363563	0.033419434	0.009412162	0.048309457	0.023704324	-1.2016722	0.15925919	-0.9929676	-1.3806105	-0.27134824	0.18355316	380.62732458114624
152	0.22200009	0.0	0.22200009	0.22200009	1.0	0.030430334	0.0061048577	0.035578266	0.02005916	0.03389854	0.008300887	0.044249255	0.024989706	-1.4176173	0.112422064	-1.2266535	-1.5169305	-0.31080174	0.1887009	383.1409800052643
153	-0.1853358	0.0	-0.1853358	-0.1853358	1.0	0.03519354	0.0077016247	0.044282928	0.024724238	0.035682663	0.01349318	0.050462652	0.019504204	-1.1378571	0.10551741	-1.0342169	-1.2984545	-0.25837743	0.07807737	385.75341629981995
154	0.32327282	0.0	0.32327282	0.32327282	1.0	0.028827395	0.009186531	0.036997642	0.014557079	0.029963247	0.008624967	0.03855334	0.01748328	-1.4234507	0.0644818	-1.331903	-1.5045786	-0.31248924	0.0353939	388.2512946128845
155	-0.38437316	0.0	-0.38437316	-0.38437316	1.0	0.03730187	0.0020610413	0.040671125	0.03536588	0.036721714	0.005356336	0.044466686	0.031435546	-1.2879049	0.2831076	-0.9032719	-1.6303388	-0.2912107	0.1115229	390.7988543510437
156	0.2535022	0.0	0.2535022	0.2535022	1.0	0.031820625	0.0055120997	0.04108752	0.027503029	0.030582272	0.008000512	0.04434097	0.024447273	-1.4711366	0.12986317	-1.2917634	-1.6116383	-0.32243255	0.11914652	393.27461767196655
157	-0.3751345	0.0	-0.3751345	-0.3751345	1.0	0.024405602	0.0072615515	0.03488209	0.014956941	0.021046016	0.010779142	0.036444955	0.00957302	-1.2602485	0.117381044	-1.1344948	-1.3815118	-0.27205533	0.073639765	395.8040201663971
158	0.22266139	0.0	0.22266139	0.22266139	1.0	0.026953004	0.009625929	0.041550092	0.014613741	0.02973864	0.009227461	0.039831184	0.014766999	-1.4076225	0.030905621	-1.365489	-1.4448951	-0.30647984	0.21459822	398.3284692764282
159	0.015911637	0.0	0.015911637	0.015911637	1.0	0.029266648	0.0050756265	0.034149516	0.021874132	0.036453065	0.004889076	0.04141315	0.028970115	-1.3346535	0.17604193	-1.0974064	-1.5114431	-0.2971768	0.10272857	400.8078203201294
160	0.22133476	0.0	0.22133476	0.22133476	1.0	0.02941715	0.003649442	0.0341516	0.02534722	0.028875355	0.0049952525	0.036666807	0.022785585	-1.2571076	0.21204719	-0.97329473	-1.5235732	-0.2758535	0.05162385	403.31853127479553
161	0.17252234	0.0	0.17252234	0.17252234	1.0	0.029617693	0.0047168806	0.036216803	0.023293853	0.031306326	0.011271535	0.04955459	0.020944588	-1.4148152	0.15328501	-1.1971248	-1.561331	-0.30813375	0.2872029	405.8403046131134
162	0.3907228	0.0	0.3907228	0.3907228	1.0	0.022877226	0.011335333	0.041233815	0.01041098	0.020054523	0.0077222744	0.032192726	0.013325065	-1.3347565	0.0838249	-1.1990604	-1.4161538	-0.28350875	0.042926967	408.28411388397217
163	0.26872602	0.0	0.26872602	0.26872602	1.0	0.024670396	0.0040168767	0.028366566	0.017957065	0.024823926	0.0037217382	0.03060694	0.020666316	-1.3657176	0.3074556	-0.84252405	-1.6289221	-0.29517967	0.11592956	410.78044533729553
164	-0.38209596	0.0	-0.38209596	-0.38209596	1.0	0.024706338	0.004751151	0.032033224	0.019715909	0.022780426	0.008116891	0.03110063	0.0139319	-1.2831632	0.22765993	-0.9350624	-1.5590913	-0.27561343	0.055139206	413.2684977054596
165	-0.3167092	0.0	-0.3167092	-0.3167092	1.0	0.021176754	0.005507726	0.026851567	0.015596153	0.022868017	0.0058075893	0.029748552	0.013816096	-1.3995485	0.18670633	-1.1570473	-1.6314052	-0.2969467	0.16216806	415.77455592155457
166	0.11553978	0.0	0.11553978	0.11553978	1.0	0.015796788	0.012092727	0.030085115	-0.0024494566	0.018919326	0.014597049	0.034990843	-0.00078136846	-1.2745855	0.07365719	-1.2142705	-1.3997117	-0.26945114	0.10138411	418.38745164871216
167	-0.14927211	0.0	-0.14927211	-0.14927211	1.0	0.023113692	0.0028842594	0.02611989	0.018433668	0.021120362	0.003839142	0.024215914	0.01465055	-1.343606	0.15030667	-1.1499511	-1.5610895	-0.28791362	0.043640457	420.9481725692749
168	-0.17040761	0.0	-0.17040761	-0.17040761	1.0	0.013058182	0.009321009	0.025144575	-0.0010369904	0.012537752	0.011085902	0.023286998	-0.0023630783	-1.250779	0.116139	-1.1332107	-1.4327625	-0.25976866	0.0698733	423.4310390949249
169	-0.20388521	0.0	-0.20388521	-0.20388521	1.0	0.008626472	0.0065988908	0.015795304	-0.0021453388	0.004265816	0.0048483964	0.009496421	-0.0036127195	-1.2518833	0.05148671	-1.1800265	-1.3203105	-0.25344312	0.044635177	425.972092628479
170	0.0047449516	0.0	0.0047449516	0.0047449516	1.0	0.011851637	0.0053138123	0.01831442	0.0043281764	0.009131312	0.006569506	0.020497926	0.004954554	-1.2184685	0.17419812	-0.96085095	-1.4421592	-0.25047275	0.21831766	428.47022557258606
171	-0.228019	0.0	-0.228019	-0.228019	1.0	0.014802479	0.0048991647	0.023008846	0.010032503	0.01659498	0.00251978	0.020864125	0.014736734	-1.4881847	0.12707439	-1.2680955	-1.56282	-0.30934936	0.0713007	430.93964290618896
172	-0.21666667	0.0	-0.21666667	-0.21666667	1.0	0.005187464	0.00810473	0.016174208	-0.0030583665	0.005276668	0.005792349	0.011560302	-0.0005469732	-1.6827245	0.15026546	-1.564257	-1.9378085	-0.33941305	0.09186567	433.4808027744293
173	-0.06684814	0.0	-0.06684814	-0.06684814	1.0	0.009277852	0.009482142	0.02330026	-0.0034300843	0.011488443	0.009160751	0.021226585	0.0003826879	-1.320671	0.10251789	-1.1922249	-1.4732457	-0.27107537	0.0976434	435.9987165927887
174	0.31453663	0.0	0.31453663	0.31453663	1.0	-0.0034780987	0.0065103094	0.0027940562	-0.013662043	-0.0028813416	0.012711102	0.01035649	-0.01593726	-1.3461832	0.18622541	-1.031676	-1.5163219	-0.25999597	0.121872745	438.509330034256
175	-0.40371746	0.0	-0.40371746	-0.40371746	1.0	-0.0059288475	0.0075671263	0.0028445423	-0.01488409	-0.0060979803	0.00828148	0.004710339	-0.016016157	-1.186923	0.08319222	-1.0984182	-1.3194708	-0.2282761	0.22557123	440.98236894607544
176	0.25454754	0.0	0.25454754	0.25454754	1.0	0.004852079	0.0066483705	0.012238918	-0.005273754	0.0073807575	0.011370221	0.017111689	-0.011430886	-1.3782661	0.09311665	-1.281996	-1.5141293	-0.27782002	0.05172313	443.53290724754333
177	-0.15789641	0.0	-0.15789641	-0.15789641	1.0	0.0054387352	0.005710657	0.010014342	-0.0042641256	0.002071105	0.0101503935	0.0143888965	-0.013848271	-1.4996393	0.12624627	-1.3246443	-1.6347435	-0.30023903	0.0670268	446.0853590965271
178	0.34147185	0.0	0.34147185	0.34147185	1.0	0.00027067913	0.004092722	0.007249222	-0.0032169735	-0.00012734253	0.01190997	0.015344821	-0.014782935	-1.3129102	0.13331778	-1.1609478	-1.5017358	-0.25841182	0.17489247	448.6298453807831
179	-0.09522923	0.0	-0.09522923	-0.09522923	1.0	0.0048805275	0.0057665077	0.010967683	-0.0045204647	0.002358661	0.008272931	0.010038041	-0.010214485	-1.2694304	0.19306234	-0.98095846	-1.524207	-0.25399888	0.053474627	451.1335303783417
181	-0.23198883	0.0	-0.23198883	-0.23198883	1.0	0.00070976245	0.012937979	0.011241352	-0.023722151	-0.0026731137	0.014746193	0.012780786	-0.026162168	-1.3357589	0.27363726	-0.932441	-1.6767813	-0.26393458	0.08399743	456.0659592151642
182	0.29474628	0.0	0.29474628	0.29474628	1.0	0.003665477	0.008200608	0.012128688	-0.0077616367	0.00052636303	0.010970203	0.008918714	-0.01824556	-1.3950534	0.15690002	-1.1382229	-1.53146	-0.2796238	0.07397565	458.58837509155273
183	-0.1907012	0.0	-0.1907012	-0.1907012	1.0	0.0012590922	0.0047740615	0.006516546	-0.004429914	-9.972276e-05	0.011154557	0.010896198	-0.014625257	-1.2787774	0.19447513	-0.9905188	-1.4962025	-0.25483006	0.14325047	461.16324496269226
184	-0.14137198	0.0	-0.14137198	-0.14137198	1.0	-0.00092644524	0.008566904	0.009805345	-0.013882893	0.0008227639	0.010130391	0.011496671	-0.01399067	-1.4122274	0.14607517	-1.2562044	-1.6474073	-0.2817538	0.10767379	463.67852759361267
185	-0.15202704	0.0	-0.15202704	-0.15202704	1.0	0.002933396	0.004499786	0.007807778	-0.0042733587	0.0018225596	0.009976087	0.01332375	-0.014008043	-1.1904557	0.12018088	-1.05741	-1.3775811	-0.23734015	0.22216089	466.2255003452301
186	-0.0002174149	0.0	-0.0002174149	-0.0002174149	1.0	0.011901968	0.005766208	0.01596675	0.0019493373	0.0056698155	0.008774507	0.014342796	-0.008164536	-1.2772989	0.24913846	-0.96853065	-1.6642395	-0.26191226	0.05568774	468.71572256088257
187	-0.20993568	0.0	-0.20993568	-0.20993568	1.0	0.004692923	0.011494325	0.01620118	-0.0069146417	0.0033370042	0.0131199835	0.017896812	-0.013461161	-1.504535	0.3702344	-1.1210229	-2.097455	-0.30438626	0.101004615	471.2703580856323
188	0.36721757	0.0	0.36721757	0.36721757	1.0	0.0070527336	0.010478461	0.016601942	-0.010680656	0.0053835977	0.012382248	0.01882663	-0.014771119	-1.2716719	0.20473123	-1.065455	-1.5796144	-0.25939298	0.06615688	473.76606154441833
189	0.11137906	0.0	0.11137906	0.11137906	1.0	0.0017246366	0.013558073	0.015082734	-0.01681884	0.00018173177	0.015356956	0.017005347	-0.020279648	-1.3134568	0.04746499	-1.2526473	-1.384592	-0.26350617	0.11927709	476.29655861854553
190	0.3346676	0.0	0.3346676	0.3346676	1.0	-0.0017200008	0.0095268255	0.008899302	-0.013894794	-0.007460447	0.009272779	0.004946463	-0.017993385	-1.3463843	0.06488237	-1.2374346	-1.3992479	-0.26363185	0.1494544	478.940052986145
191	-0.4206853	0.0	-0.4206853	-0.4206853	1.0	0.010951632	0.00679873	0.016837426	-0.0005627768	0.008357201	0.013142013	0.0297747	-0.0038482063	-1.5092809	0.08192998	-1.3736906	-1.580211	-0.30803356	0.052904554	481.5250358581543
192	-0.1502611	0.0	-0.1502611	-0.1502611	1.0	0.014788361	0.0063782698	0.021503745	0.006721383	0.0118243545	0.0114189545	0.024945628	-0.0022393838	-1.4475223	0.12470402	-1.3373966	-1.6506611	-0.30170673	0.15355393	484.0373957157135
193	0.28333333	0.0	0.28333333	0.28333333	1.0	0.0135040125	0.0146417245	0.02721072	-0.0090909535	0.013065814	0.012543377	0.023608219	-0.007694211	-1.2386127	0.22944474	-0.99313974	-1.5602791	-0.26033527	0.15672326	486.61224126815796
194	0.20311165	0.0	0.20311165	0.20311165	1.0	0.0074946545	0.011279158	0.019760977	-0.008453996	0.005443848	0.010576967	0.021062117	-0.0071957763	-1.4144151	0.15974699	-1.1826702	-1.5727295	-0.28751278	0.059553113	489.1254539489746
195	-0.43759355	0.0	-0.43759355	-0.43759355	1.0	0.0023475187	0.013837472	0.018256862	-0.019117843	0.00073791016	0.012194494	0.019297328	-0.014868826	-1.4253521	0.12962934	-1.242502	-1.5706891	-0.2857589	0.15250954	491.6358904838562
196	0.29116023	0.0	0.29116023	0.29116023	1.0	0.012208169	0.010749692	0.025442468	-0.0017805789	0.014069915	0.019118033	0.035675477	-0.007246578	-1.2535549	0.18218629	-1.0892298	-1.5454265	-0.26063842	0.047170553	494.1310603618622
197	0.32124832	0.0	0.32124832	0.32124832	1.0	0.02255069	0.0033361544	0.025969326	0.017573388	0.029634982	0.0022026435	0.032641526	0.026682753	-1.4026388	0.17817295	-1.1864982	-1.5984979	-0.30412152	0.24533723	496.6439538002014
198	0.06644414	0.0	0.06644414	0.06644414	1.0	0.009391628	0.012316732	0.023725104	-0.010171828	0.007901992	0.010590148	0.018219948	-0.009759199	-1.2549438	0.117707714	-1.0942163	-1.3707981	-0.25857532	0.108349495	499.0985333919525
199	0.12391557	0.0	0.12391557	0.12391557	1.0	0.0183932	0.011167041	0.027509399	5.9596263e-05	0.017400533	0.015023178	0.031550094	-0.005491793	-1.3886914	0.08941238	-1.2996404	-1.5214554	-0.29606944	0.13279131	501.5970449447632
201	0.021931613	0.0	0.021931613	0.021931613	1.0	0.015089094	0.010987775	0.028796872	-0.0008589588	0.01823057	0.01256761	0.036261484	0.0004075803	-1.3311609	0.14384292	-1.1157801	-1.6181641	-0.2829852	0.09426397	506.68368577957153
202	0.1572198	0.0	0.1572198	0.1572198	1.0	0.032200467	0.0006744748	0.03327887	0.03142014	0.03387379	0.0018979007	0.036506955	0.031188998	-1.2829033	0.16759878	-1.0895361	-1.5055388	-0.28926048	0.0996044	509.24255299568176
203	0.26295936	0.0	0.26295936	0.26295936	1.0	0.023353383	0.0046465807	0.029085059	0.017150946	0.030097278	0.008247045	0.04335796	0.022212971	-1.3025867	0.15504903	-1.0505546	-1.4721335	-0.2849123	0.15007922	511.7931559085846
204	-0.2855957	0.0	-0.2855957	-0.2855957	1.0	0.023054242	0.005044525	0.028074335	0.01733287	0.01643973	0.0068161897	0.023251384	0.009276476	-1.2755247	0.10321012	-1.1509352	-1.3833057	-0.27454206	0.04940688	514.2678289413452
205	-0.3168981	0.0	-0.3168981	-0.3168981	1.0	0.024253234	0.0052928245	0.031233799	0.018647276	0.02528018	0.016132696	0.050845493	0.011176016	-1.243488	0.08672577	-1.0985589	-1.3240896	-0.27184376	0.08703634	516.838889837265
206	-0.23062515	0.0	-0.23062515	-0.23062515	1.0	0.024230469	0.012425611	0.03719189	0.006519503	0.026496522	0.01703741	0.05070143	0.007319309	-1.283874	0.08356593	-1.2056906	-1.4147503	-0.2829462	0.09127623	519.3374531269073
207	0.19680393	0.0	0.19680393	0.19680393	1.0	0.028634818	0.013292873	0.04369825	0.008858862	0.02703926	0.013309038	0.0469935	0.009900771	-1.2992871	0.22816035	-0.97025156	-1.5283833	-0.28968894	0.10378188	521.8700602054596
208	0.02725519	0.0	0.02725519	0.02725519	1.0	0.03477381	0.014000323	0.047042888	0.0112122325	0.03560503	0.013963521	0.053033225	0.013987653	-1.2034374	0.22670646	-0.9497664	-1.517382	-0.2773187	0.061178487	524.4044454097748
209	0.18516523	0.0	0.18516523	0.18516523	1.0	0.038213328	0.011151338	0.05553862	0.02484912	0.039483774	0.013863943	0.05849084	0.020414624	-1.3484037	0.14979082	-1.1216612	-1.5043977	-0.30842477	0.16246662	526.8809399604797
210	-0.018640233	0.0	-0.018640233	-0.018640233	1.0	0.032474898	0.011385879	0.04406573	0.01643809	0.03664102	0.011792579	0.052614234	0.019874439	-1.3684907	0.09604625	-1.2786388	-1.514143	-0.30849132	0.12634152	529.4037942886353
211	0.012404181	0.0	0.012404181	0.012404181	1.0	0.04791683	0.014884447	0.05988972	0.022644313	0.051421314	0.012832426	0.064421356	0.03207648	-1.3637445	0.102666855	-1.1968253	-1.4707133	-0.32100317	0.12953839	531.9386072158813
212	0.16111112	0.0	0.16111112	0.16111112	1.0	0.043431826	0.0040061097	0.048378605	0.037334554	0.04463727	0.007354049	0.056875166	0.037512165	-1.4108576	0.13391699	-1.2053142	-1.5590512	-0.32372135	0.21593961	534.5491535663605
213	-0.12109965	0.0	-0.12109965	-0.12109965	1.0	0.042807855	0.012030384	0.055937283	0.023745991	0.053552363	0.017253913	0.071596205	0.027488511	-1.2052126	0.09392897	-1.0607703	-1.323924	-0.28370035	0.14458233	537.0731253623962
214	0.14910828	0.0	0.14910828	0.14910828	1.0	0.05655231	0.002223901	0.0589752	0.053554352	0.06030948	0.003991221	0.065074265	0.054826576	-1.3353035	0.10927904	-1.2035778	-1.4858584	-0.3240063	0.10297588	539.541552066803
215	-0.2552911	0.0	-0.2552911	-0.2552911	1.0	0.049741406	0.0059670713	0.05683492	0.04308155	0.059409134	0.009507071	0.070508964	0.04890468	-1.3404077	0.15907268	-1.1598172	-1.5764084	-0.31792375	0.18968177	542.038286447525
216	0.33580947	0.0	0.33580947	0.33580947	1.0	0.049545486	0.0037239704	0.054083962	0.043922186	0.046604656	0.0056002596	0.051768634	0.037490573	-1.3237178	0.13381158	-1.1579478	-1.4974761	-0.307794	0.054872107	544.524416923523
217	-0.45987508	0.0	-0.45987508	-0.45987508	1.0	0.047806077	0.0028958367	0.050813656	0.04305668	0.04876591	0.005578181	0.055210967	0.039872143	-1.2086107	0.08785511	-1.1124489	-1.2972147	-0.28462487	0.088853404	547.055023431778
218	-0.049570095	0.0	-0.049570095	-0.049570095	1.0	0.04228559	0.014060091	0.057031523	0.019239567	0.044685915	0.014390147	0.058961056	0.021192703	-1.3410767	0.150579	-1.1338899	-1.5274038	-0.30673605	0.14672138	549.5864822864532
219	-0.2501715	0.0	-0.2501715	-0.2501715	1.0	0.043057643	0.007394624	0.051371645	0.03155379	0.05400749	0.0125657655	0.06812911	0.034231883	-1.3501229	0.06575318	-1.2838765	-1.4250927	-0.31218863	0.0974627	552.0832033157349
220	-0.31678477	0.0	-0.31678477	-0.31678477	1.0	0.035765927	0.010731846	0.047581375	0.018407514	0.03320158	0.00923938	0.046049677	0.020127524	-1.300792	0.14095244	-1.0609643	-1.4216471	-0.29071692	0.10597324	554.6232078075409
221	-0.14454022	0.0	-0.14454022	-0.14454022	1.0	0.027460271	0.012761973	0.043699007	0.012902816	0.028499983	0.014624423	0.05030344	0.012432743	-1.3451091	0.054480772	-1.2735085	-1.4185793	-0.29234606	0.20202282	557.0880208015442
222	0.17747858	0.0	0.17747858	0.17747858	1.0	0.023397507	0.01727461	0.053141013	0.010678494	0.022994118	0.014651913	0.04750751	0.008649528	-1.3999987	0.064391926	-1.2979543	-1.4746647	-0.29784867	0.10260597	559.6177792549133
223	0.1333228	0.0	0.1333228	0.1333228	1.0	0.037939835	0.0072091566	0.048298266	0.030741975	0.04030868	0.0070372885	0.052163232	0.03433493	-1.707866	0.55129117	-1.3480513	-2.6613092	-0.37425238	0.055641655	562.0962569713593
224	-0.057324097	0.0	-0.057324097	-0.057324097	1.0	0.033672392	0.010556516	0.041965023	0.015633494	0.03226784	0.011787083	0.041922577	0.012360372	-1.5360091	0.18428972	-1.263016	-1.764394	-0.33575168	0.1687283	564.5299534797668
225	-0.23532405	0.0	-0.23532405	-0.23532405	1.0	0.03332474	0.009083714	0.04143413	0.01872781	0.036662195	0.017277788	0.05133856	0.007211771	-1.2796514	0.15244368	-1.0885363	-1.5055492	-0.28376082	0.16096686	567.081470489502
226	0.41741782	0.0	0.41741782	0.41741782	1.0	0.01953226	0.013359977	0.039723024	0.0065848986	0.015049569	0.01766928	0.04148165	-0.006134255	-1.292151	0.1922008	-1.0098724	-1.481133	-0.27125597	0.17248225	569.6494748592377
227	-0.18749309	0.0	-0.18749309	-0.18749309	1.0	0.028048381	0.0067124814	0.036658995	0.021428816	0.02887391	0.012530211	0.044737164	0.011057433	-1.2726483	0.08356947	-1.1472069	-1.3651117	-0.2788763	0.12349802	572.1152923107147
228	-0.023579795	0.0	-0.023579795	-0.023579795	1.0	0.028646978	0.008268524	0.037614554	0.018095937	0.022150481	0.018050345	0.040676907	0.0022178963	-1.4211324	0.17010984	-1.2097988	-1.6310854	-0.30432096	0.09687058	574.6270356178284
229	0.050381582	0.0	0.050381582	0.050381582	1.0	0.022668095	0.014620866	0.035258166	-0.00060903374	0.022995532	0.016036944	0.04032974	0.0032689422	-1.3490261	0.13062187	-1.2181408	-1.5375444	-0.2882138	0.083215624	577.059716463089
230	0.2580186	0.0	0.2580186	0.2580186	1.0	0.020201277	0.013190191	0.03487561	0.00056386366	0.02017507	0.015166628	0.038178504	-0.0007122494	-1.2362654	0.11690984	-1.1566339	-1.4382246	-0.26536426	0.08239277	579.583245754242
231	0.24954039	0.0	0.24954039	0.24954039	1.0	0.023892516	0.015869489	0.03561093	-0.0031663105	0.021332594	0.017068043	0.037847184	-0.0072415415	-1.2821021	0.17436865	-1.1042805	-1.4691796	-0.27549237	0.15117544	582.1264088153839
232	0.1572224	0.0	0.1572224	0.1572224	1.0	0.0061747944	0.008565079	0.013078495	-0.008159877	0.0006289915	0.010531128	0.01646312	-0.0131340455	-1.4859166	0.15056498	-1.3181556	-1.7295537	-0.2951582	0.19167268	584.6624505519867
233	0.1973063	0.0	0.1973063	0.1973063	1.0	0.021516984	0.01048161	0.032908462	0.01042966	0.019310746	0.021403408	0.042526186	-0.005732015	-1.6453854	0.50207156	-1.2556055	-2.504159	-0.3433159	0.091338366	587.1590752601624
234	-0.16668981	0.0	-0.16668981	-0.16668981	1.0	0.016103152	0.0054854294	0.02510709	0.010268035	0.010933678	0.0075110993	0.018909957	0.0029210374	-1.3284514	0.14672223	-1.1830854	-1.5656279	-0.27547443	0.1043471	589.6421899795532
235	0.2246482	0.0	0.2246482	0.2246482	1.0	0.020301715	0.013693451	0.03176087	-0.0020871125	0.017431851	0.013734496	0.0304952	-0.0040301383	-1.3993295	0.10356017	-1.2251081	-1.4859544	-0.297761	0.068766974	592.1903858184814
236	0.055546876	0.0	0.055546876	0.055546876	1.0	0.0018529342	0.007589505	0.01497113	-0.003120901	-0.0039537027	0.00983407	0.011771511	-0.014314452	-1.4388006	0.2009799	-1.1360357	-1.6800642	-0.28562978	0.12505716	594.6853506565094
237	0.13798372	0.0	0.13798372	0.13798372	1.0	0.0037375954	0.024118036	0.034571234	-0.021573557	0.0011986857	0.027750922	0.040460203	-0.025027748	-1.3296922	0.15008788	-1.0777931	-1.4736886	-0.2668988	0.14719954	597.1301579475403
238	-0.16075233	0.0	-0.16075233	-0.16075233	1.0	0.013629506	0.020786438	0.039902423	-0.011681865	0.00604282	0.024559269	0.04096221	-0.021595793	-1.3209704	0.11312036	-1.1947274	-1.5028794	-0.27113217	0.12727112	599.6461827754974
239	0.03661366	0.0	0.03661366	0.03661366	1.0	0.029742729	0.00887921	0.03858219	0.015748031	0.033307992	0.01016542	0.044062216	0.02275277	-1.298225	0.08573853	-1.1766818	-1.386101	-0.28843808	0.030583475	602.1416294574738
240	0.34743398	0.0	0.34743398	0.34743398	1.0	0.01238066	0.015639521	0.032076042	-0.011009594	0.0044588596	0.017201817	0.025793359	-0.020339135	-1.4083142	0.08937382	-1.2810678	-1.5195833	-0.28617772	0.0651318	604.6028378009796
241	-0.09866796	0.0	-0.09866796	-0.09866796	1.0	0.027573626	0.008570992	0.03706208	0.018160174	0.020883063	0.011234656	0.03861266	0.008133192	-1.418961	0.098968625	-1.3283279	-1.5827037	-0.30560005	0.07371627	607.1226968765259
242	0.28849128	0.0	0.28849128	0.28849128	1.0	0.024433527	0.012879826	0.03858895	0.0058325846	0.027296165	0.014150387	0.042780943	0.0068741664	-1.3720683	0.042370908	-1.311048	-1.4307866	-0.3001836	0.13057819	609.610185623169
243	0.2284595	0.0	0.2284595	0.2284595	1.0	0.027318686	0.0077941953	0.03609334	0.01619954	0.03787476	0.01417372	0.051773638	0.014915988	-1.4280801	0.149754	-1.2514608	-1.630544	-0.31379336	0.052244138	612.1572530269623
244	-0.076169476	0.0	-0.076169476	-0.076169476	1.0	0.036826767	0.009632013	0.047883242	0.021755584	0.030922078	0.012116527	0.047145586	0.013085198	-1.3301374	0.16886672	-1.1336884	-1.5214012	-0.29736826	0.099448726	614.6538391113281
245	-0.2631291	0.0	-0.2631291	-0.2631291	1.0	0.014632078	0.020440385	0.039461754	-0.008967744	0.01206472	0.022484772	0.042596508	-0.014122069	-1.3696206	0.102041855	-1.1944444	-1.4411981	-0.28427675	0.12392836	617.2299673557281
246	-0.05	0.0	-0.05	-0.05	1.0	0.03157051	0.009620477	0.040031295	0.01606268	0.030408878	0.019632684	0.052349024	0.004873965	-1.4846983	0.23422842	-1.1400242	-1.7915354	-0.32012352	0.18364868	619.7477283477783
247	0.06855137	0.0	0.06855137	0.06855137	1.0	0.00931863	0.014184411	0.029951908	-0.0086611	0.006501519	0.019856883	0.033258	-0.017715883	-1.3033195	0.045130372	-1.2474533	-1.355271	-0.2646119	0.12018466	622.2416458129883
248	0.060970485	0.0	0.060970485	0.060970485	1.0	0.0125578875	0.018453006	0.04386773	-0.0036554867	0.0112455	0.020534707	0.04624743	-0.006240336	-1.3539505	0.08917566	-1.2958558	-1.5081991	-0.28093517	0.060363486	624.7065076828003
249	0.21075141	0.0	0.21075141	0.21075141	1.0	0.032926988	0.0035710416	0.03718333	0.028538467	0.03226559	0.0077539263	0.044177692	0.02278617	-1.3838015	0.11717937	-1.1979264	-1.5048819	-0.30378836	0.26181638	627.1769473552704
250	0.2999807	0.0	0.2999807	0.2999807	1.0	0.013600198	0.018864715	0.035763334	-0.015943382	0.013190196	0.024664935	0.036476977	-0.022265427	-1.3914969	0.07109594	-1.2743429	-1.4502715	-0.2866919	0.17587218	629.6848347187042
251	-0.08444999	0.0	-0.08444999	-0.08444999	1.0	0.018349005	0.011290483	0.031341124	0.005031741	0.019270843	0.02185727	0.04649093	-0.0030640587	-1.3918865	0.16236666	-1.2360005	-1.6142807	-0.2870564	0.2745939	632.2008044719696
252	0.19155534	0.0	0.19155534	0.19155534	1.0	0.0082785655	0.0070648515	0.018260943	-0.0016556736	0.007098635	0.008453866	0.015446499	-0.006761862	-1.2987814	0.024388393	-1.272644	-1.3305357	-0.26330224	0.038114518	634.7215342521667
253	0.23509131	0.0	0.23509131	0.23509131	1.0	0.01421024	0.022051293	0.03031515	-0.023807626	0.009460718	0.023302846	0.023904916	-0.030884739	-1.4059435	0.13853496	-1.2349625	-1.5591295	-0.28693798	0.09870826	637.2646152973175
254	-0.060301524	0.0	-0.060301524	-0.060301524	1.0	0.016515736	0.009225033	0.025426451	0.0014622156	0.017843142	0.012944417	0.035270926	-0.00083357096	-1.3183459	0.10614821	-1.1503043	-1.442878	-0.2770622	0.14215188	639.7946131229401
255	-0.40405712	0.0	-0.40405712	-0.40405712	1.0	0.016948985	0.0036757314	0.0213704	0.011390322	0.019753922	0.0062922	0.029081907	0.012720101	-1.2489126	0.09969683	-1.1465161	-1.4128003	-0.2641325	0.20544541	642.2984664440155
256	-0.027777778	0.0	-0.027777778	-0.027777778	1.0	0.0037138043	0.017063916	0.020039946	-0.022148397	0.009136079	0.02279594	0.03249802	-0.027112909	-1.4071844	0.10757703	-1.2794642	-1.5671667	-0.28333953	0.14493488	644.798113822937
257	-0.23922299	0.0	-0.23922299	-0.23922299	1.0	0.010218045	0.007342205	0.016188677	-0.00227198	0.01499506	0.011091698	0.03258143	0.0030284002	-1.2959208	0.14542966	-1.1151894	-1.5163939	-0.26951668	0.06460915	647.2607772350311
258	0.15611848	0.0	0.15611848	0.15611848	1.0	0.0023062353	0.018018547	0.020081427	-0.02174421	0.0033672038	0.015621372	0.019916993	-0.018481283	-1.3579164	0.1137296	-1.1753471	-1.4713546	-0.2737622	0.050360784	649.8555989265442
259	0.1350729	0.0	0.1350729	0.1350729	1.0	0.007288602	0.008579314	0.016011938	-0.006567116	0.010213222	0.011464272	0.02407192	-0.0063650217	-1.3978848	0.07826155	-1.2971587	-1.5033416	-0.28796652	0.09127535	652.3421077728271
260	-0.21536858	0.0	-0.21536858	-0.21536858	1.0	0.0016567819	0.02076527	0.024499724	-0.027849805	0.0013118284	0.023174047	0.024176963	-0.034852	-1.3416616	0.11806134	-1.2001901	-1.5064478	-0.26758185	0.0841161	654.9078094959259
261	-0.39479375	0.0	-0.39479375	-0.39479375	1.0	0.0017078114	0.009630102	0.014058687	-0.012290966	-0.0043197554	0.011139395	0.009602174	-0.018401444	-1.4067669	0.1347217	-1.1909995	-1.5545839	-0.27683604	0.19583957	657.3782374858856
262	0.006426329	0.0	0.006426329	0.006426329	1.0	-3.818702e-05	0.021236986	0.025901183	-0.02212745	-0.0015402017	0.023993112	0.028821267	-0.027305415	-1.3109387	0.14456217	-1.1418201	-1.5084518	-0.2595709	0.06612173	659.976039648056
263	0.103263885	0.0	0.103263885	0.103263885	1.0	0.006411182	0.0043295706	0.009582538	-0.0010308307	0.0024465732	0.0050702	0.0068536922	-0.0061588176	-1.4849508	0.25098774	-1.2996981	-1.9097376	-0.29975194	0.17555462	662.4616012573242
264	-0.18351142	0.0	-0.18351142	-0.18351142	1.0	-0.0007721614	0.021892527	0.0228387	-0.02562115	-0.003388112	0.027482511	0.0314557	-0.03670946	-1.5000217	0.08108239	-1.4195728	-1.6228495	-0.29540288	0.12040739	665.0025663375854
265	0.18733281	0.0	0.18733281	0.18733281	1.0	0.011587586	0.013136257	0.020822387	-0.01104263	0.011037802	0.0134560075	0.026469216	-0.009523449	-1.3604	0.11011756	-1.2181147	-1.5268936	-0.28121912	0.1726242	667.546906709671
266	0.11630452	0.0	0.11630452	0.11630452	1.0	0.01548315	0.013395654	0.029335035	-0.0052168462	0.009387608	0.011305683	0.021999247	-0.0025123134	-1.2185005	0.06537953	-1.1107137	-1.2718393	-0.25416797	0.080111384	670.0232436656952
267	0.32721865	0.0	0.32721865	0.32721865	1.0	0.012582089	0.019072508	0.028614061	-0.018553749	0.009151328	0.02200447	0.030145366	-0.023654414	-1.3548758	0.063143015	-1.3103073	-1.4638444	-0.2806627	0.0767081	672.5950458049774
268	0.35916394	0.0	0.35916394	0.35916394	1.0	0.027131991	0.003071425	0.031174583	0.02264887	0.029009234	0.0044863387	0.033679035	0.02159853	-1.4249685	0.14699513	-1.1841309	-1.5572333	-0.3130607	0.12834206	675.3220372200012
269	-0.032953337	0.0	-0.032953337	-0.032953337	1.0	0.021882476	0.0070126276	0.028329844	0.011305524	0.029347451	0.009902854	0.03657292	0.012351297	-1.3227177	0.17208499	-1.0824184	-1.4952536	-0.28799158	0.075448096	678.0116212368011
270	-0.11685944	0.0	-0.11685944	-0.11685944	1.0	0.0042334627	0.016579937	0.03183445	-0.011764546	0.0031501455	0.019128447	0.0352429	-0.01525953	-1.4190758	0.092857964	-1.2825403	-1.5153143	-0.2864602	0.043157294	680.5991306304932
271	0.23310195	0.0	0.23310195	0.23310195	1.0	0.008247234	0.022568127	0.031767283	-0.016626397	0.0032785656	0.029400222	0.037106767	-0.027162831	-1.4416772	0.08823951	-1.345035	-1.5736151	-0.29009435	0.048577126	683.1081759929657
272	0.29772082	0.0	0.29772082	0.29772082	1.0	0.018327035	0.012650048	0.033183783	0.0017355541	0.013806555	0.015516395	0.030840077	-0.009623587	-1.3428013	0.12485909	-1.2151674	-1.5216106	-0.28354797	0.10772467	685.6138646602631
274	0.105399095	0.0	0.105399095	0.105399095	1.0	0.013359973	0.0111542	0.023864113	-0.0062269364	0.015593909	0.01848986	0.039820515	-0.019056473	-1.3190048	0.110137366	-1.1675286	-1.5453745	-0.2737852	0.16149852	690.639401435852
275	-0.022694822	0.0	-0.022694822	-0.022694822	1.0	0.0030564896	0.014903227	0.026313458	-0.013925177	-0.0034737159	0.013586793	0.015042301	-0.022943418	-1.398979	0.061725296	-1.321393	-1.494063	-0.27768204	0.25743073	693.1944451332092
276	0.05570487	0.0	0.05570487	0.05570487	1.0	0.00420547	0.017082682	0.03255293	-0.01309896	-0.0006516203	0.022626363	0.037106864	-0.023130486	-1.3953118	0.11127257	-1.2667943	-1.5275097	-0.27993536	0.14988427	695.683206319809
277	-0.2004463	0.0	-0.2004463	-0.2004463	1.0	0.024350159	0.006995706	0.03484741	0.016761651	0.0261456	0.00855798	0.037679207	0.017264377	-1.3171722	0.08051565	-1.225399	-1.4431432	-0.28854126	0.16331401	698.229010105133
278	0.36978135	0.0	0.36978135	0.36978135	1.0	0.015796158	0.014631117	0.035179716	-0.0006050598	0.01278827	0.019572174	0.03695883	-0.009314647	-1.3077554	0.108469225	-1.1614642	-1.4367348	-0.2766887	0.15346532	700.8421218395233
279	-0.36430523	0.0	-0.36430523	-0.36430523	1.0	0.030937448	0.009597644	0.04023521	0.01502646	0.02812779	0.0070475596	0.04005853	0.021824565	-1.3937397	0.1879403	-1.1557238	-1.6501842	-0.30584785	0.08148528	703.222559928894
280	-0.23960523	0.0	-0.23960523	-0.23960523	1.0	0.027930645	0.012444962	0.040712476	0.008062642	0.025423354	0.014398463	0.03847141	0.0032547787	-1.4435041	0.05878978	-1.3499489	-1.5104142	-0.31531358	0.04953599	705.6527485847473
281	0.11662641	0.0	0.11662641	0.11662641	1.0	0.022390371	0.017975643	0.041737635	-0.00078182574	0.018988423	0.019153807	0.042749036	-0.009229276	-1.2332239	0.097260475	-1.0701747	-1.3274307	-0.26631308	0.09004316	708.1097528934479
283	0.2925312	0.0	0.2925312	0.2925312	1.0	0.031684015	0.013459574	0.049294665	0.007665896	0.03191401	0.01675848	0.050141834	0.008129835	-1.3787749	0.11270801	-1.2164683	-1.5463266	-0.3057804	0.080799945	713.1711213588715
285	-0.47219312	0.0	-0.47219312	-0.47219312	1.0	0.02717317	0.019043118	0.056136884	-0.0030454304	0.027752256	0.02211264	0.064347565	-0.0041822903	-1.4567943	0.08334705	-1.3066599	-1.5747833	-0.31816453	0.17850243	718.0937201976776
286	0.20477045	0.0	0.20477045	0.20477045	1.0	0.03478127	0.017010119	0.050855435	0.006687735	0.038785875	0.022618914	0.059838735	0.002556458	-1.2735509	0.10620146	-1.1528538	-1.404519	-0.29006723	0.11979386	720.7083787918091
287	-0.09739524	0.0	-0.09739524	-0.09739524	1.0	0.03312223	0.011234129	0.04911668	0.022566985	0.030403329	0.0131451925	0.04591792	0.01737636	-1.3549671	0.07872785	-1.2844929	-1.4884689	-0.30347785	0.18011975	723.3109657764435
288	-0.22856519	0.0	-0.22856519	-0.22856519	1.0	0.024937293	0.010219976	0.041889656	0.0146142915	0.027174748	0.017759742	0.05658225	0.008940443	-1.4129708	0.03736934	-1.3561611	-1.4604946	-0.3087171	0.08071917	725.8180923461914
289	-0.12783308	0.0	-0.12783308	-0.12783308	1.0	0.050859064	0.00787551	0.06243132	0.04036074	0.05609826	0.012874867	0.06625198	0.03401802	-1.4211197	0.11606022	-1.2600951	-1.5732219	-0.33585072	0.27309403	728.3631751537323
290	0.21019493	0.0	0.21019493	0.21019493	1.0	0.033090077	0.0100898845	0.04306635	0.020416629	0.033740893	0.014611242	0.053041514	0.011953395	-1.1938084	0.08975617	-1.1092589	-1.3314091	-0.26886407	0.08826731	730.9035530090332
291	0.13050523	0.0	0.13050523	0.13050523	1.0	0.050516576	0.011387082	0.06297341	0.03225105	0.056355394	0.015438065	0.07390976	0.0315769	-1.4284635	0.093622096	-1.2771833	-1.508528	-0.33742312	0.1179642	733.3887479305267
292	-0.13952263	0.0	-0.13952263	-0.13952263	1.0	0.048973102	0.009875438	0.05882703	0.03459447	0.05585943	0.009004998	0.06441811	0.040782757	-1.3227667	0.08625396	-1.1764469	-1.3882725	-0.31421992	0.15734337	735.7963049411774
293	-0.21680124	0.0	-0.21680124	-0.21680124	1.0	0.050372493	0.017722819	0.06774813	0.02117763	0.051591203	0.021523427	0.075035	0.017646164	-1.6097525	0.12511356	-1.4664276	-1.7493026	-0.37096786	0.053647436	738.2700116634369
294	0.060548883	0.0	0.060548883	0.060548883	1.0	0.048089642	0.00672581	0.057433285	0.038495056	0.048132934	0.0096648205	0.062365726	0.038359486	-1.4042897	0.034938224	-1.3607347	-1.4426036	-0.32867557	0.078249544	740.6765372753143
295	0.29206783	0.0	0.29206783	0.29206783	1.0	0.0574536	0.007968605	0.07063705	0.049382	0.06175028	0.004270076	0.06511463	0.054478716	-1.4498568	0.17995755	-1.1493555	-1.6004026	-0.34707728	0.17754595	743.0619866847992
296	0.04896381	0.0	0.04896381	0.04896381	1.0	0.057224646	0.011901202	0.064557016	0.036618892	0.067906916	0.016343553	0.08361083	0.040823776	-1.3131748	0.0617998	-1.2405313	-1.4095311	-0.3211769	0.11488705	745.5289895534515
297	0.3306262	0.0	0.3306262	0.3306262	1.0	0.040479086	0.014355539	0.063949324	0.025167175	0.041386712	0.01818418	0.07124969	0.022220355	-1.2641857	0.21520513	-1.0270667	-1.5720026	-0.2921598	0.014426702	747.9736759662628
298	0.14303789	0.0	0.14303789	0.14303789	1.0	0.059193037	0.0043444084	0.06470779	0.054357976	0.062339485	0.014748001	0.08476925	0.045063816	-1.4125986	0.07820542	-1.3073099	-1.5279981	-0.33930674	0.14359893	750.3814079761505
299	-0.34451753	0.0	-0.34451753	-0.34451753	1.0	0.053187326	0.01176328	0.068462655	0.035508987	0.0591683	0.016043786	0.07720791	0.03785648	-1.380453	0.21645309	-1.0285647	-1.6073743	-0.32869664	0.10294892	752.8848209381104
300	0.27553284	0.0	0.27553284	0.27553284	1.0	0.056513276	0.0044243103	0.06104297	0.049278967	0.06987046	0.0128110675	0.081489146	0.04972417	-1.3595184	0.12800618	-1.1875262	-1.5028275	-0.32883835	0.17678407	755.3657157421112
301	-0.0052542696	0.0	-0.0052542696	-0.0052542696	1.0	0.05727659	0.0065598646	0.06655509	0.050283328	0.05567638	0.008936106	0.06807895	0.045298718	-1.3450284	0.121905535	-1.1575909	-1.4737558	-0.32443833	0.06828207	757.8329117298126
302	0.0054307273	0.0	0.0054307273	0.0054307273	1.0	0.06338779	0.010201963	0.07870223	0.052609146	0.06933319	0.015181792	0.08605966	0.045888238	-1.3355362	0.12085053	-1.1312325	-1.4461341	-0.3293747	0.15280768	760.262512922287
303	-0.3856988	0.0	-0.3856988	-0.3856988	1.0	0.041380808	0.00929103	0.056381494	0.032058008	0.043531846	0.00994183	0.054293793	0.027275044	-1.2712257	0.21322966	-0.9386208	-1.461059	-0.29403546	0.15164079	762.7278740406036
304	0.23640367	0.0	0.23640367	0.23640367	1.0	0.046445735	0.008415911	0.060991365	0.04112518	0.05078339	0.013378718	0.073674746	0.04074149	-1.4787767	0.103215374	-1.3365338	-1.6239392	-0.34089145	0.20684475	765.2030975818634
305	-0.14353445	0.0	-0.14353445	-0.14353445	1.0	0.059992865	0.00939477	0.07192003	0.045936733	0.06457414	0.016603827	0.08555722	0.040069688	-1.429729	0.15374911	-1.181212	-1.5773154	-0.34427455	0.18878712	767.6305301189423
306	-0.14398931	0.0	-0.14398931	-0.14398931	1.0	0.054149326	0.009382512	0.06759848	0.041115284	0.056445193	0.00927981	0.064679906	0.04077523	-1.3258038	0.034551483	-1.2731665	-1.357538	-0.31713253	0.10054109	770.1053092479706
307	0.3664065	0.0	0.3664065	0.3664065	1.0	0.05849159	0.002248798	0.061602164	0.055248428	0.06807226	0.006300413	0.07467661	0.05919365	-1.2770395	0.08248105	-1.1346262	-1.3341231	-0.3105499	0.00919505	772.5815398693085
308	-0.4167719	0.0	-0.4167719	-0.4167719	1.0	0.057378322	0.009297972	0.06930819	0.044243403	0.06381088	0.017083796	0.082285665	0.036476173	-1.3184724	0.15874466	-1.1754206	-1.5763195	-0.31791708	0.28891507	774.9302911758423
309	0.25945655	0.0	0.25945655	0.25945655	1.0	0.046257712	0.008258622	0.0586193	0.036419563	0.04610489	0.009301082	0.058920603	0.034066286	-1.191401	0.19556865	-0.91904163	-1.428695	-0.27967954	0.11022757	777.3440992832184
310	-0.3274612	0.0	-0.3274612	-0.3274612	1.0	0.051293124	0.012070832	0.060007595	0.030505855	0.049632493	0.011040011	0.058302686	0.030911788	-1.4269453	0.1364717	-1.2768631	-1.5731186	-0.33143166	0.08128385	779.7437243461609
311	0.2646926	0.0	0.2646926	0.2646926	1.0	0.050185878	0.006501639	0.05740529	0.041388154	0.05779691	0.005136173	0.06596449	0.052360844	-1.2344605	0.14648254	-1.0930758	-1.4320071	-0.29176632	0.22495896	782.1620442867279
312	0.0999132	0.0	0.0999132	0.0999132	1.0	0.041708257	0.009511187	0.047455132	0.0252374	0.04193699	0.012097868	0.056158215	0.026567444	-1.3118641	0.14013672	-1.1067352	-1.4952476	-0.2982598	0.20342764	784.5748965740204
313	0.2943867	0.0	0.2943867	0.2943867	1.0	0.040723838	0.0022842786	0.04463418	0.03899841	0.038718246	0.003694644	0.04416287	0.03525479	-1.2088747	0.30474392	-0.8242526	-1.5340607	-0.27823254	0.10286419	787.0002512931824
314	-0.04741827	0.0	-0.04741827	-0.04741827	1.0	0.042261932	0.007451174	0.053012513	0.03365274	0.053925242	0.006557359	0.064626396	0.04677779	-1.4670703	0.06346741	-1.3941952	-1.5678935	-0.3337269	0.34044445	789.4260489940643
315	-0.17387629	0.0	-0.17387629	-0.17387629	1.0	0.02993272	0.011420824	0.044114947	0.012356653	0.026877292	0.012706368	0.043479484	0.008016959	-1.4777818	0.12598838	-1.296709	-1.6517363	-0.3181721	0.1382075	791.8625407218933
316	0.17029789	0.0	0.17029789	0.17029789	1.0	0.038205024	0.006003815	0.046574198	0.030448692	0.04341577	0.005250639	0.05035121	0.036191404	-1.1796281	0.20191112	-0.8850632	-1.3774335	-0.27031296	0.054719366	794.4043679237366
317	-0.033514146	0.0	-0.033514146	-0.033514146	1.0	0.0311222	0.003769215	0.036763787	0.0261518	0.032467578	0.00880148	0.047212828	0.02556998	-1.3550273	0.092153475	-1.2693686	-1.5098726	-0.2948466	0.19069287	797.0242123603821
318	-0.39636835	0.0	-0.39636835	-0.39636835	1.0	0.02215856	0.0060361186	0.028815616	0.0130806295	0.022749681	0.010851128	0.035075508	0.006243363	-1.2654653	0.20585649	-0.9250581	-1.4682739	-0.26946026	0.12699462	799.5605111122131
319	-0.11676676	0.0	-0.11676676	-0.11676676	1.0	0.023684297	0.005658968	0.03318873	0.019090414	0.024162982	0.008660086	0.037943944	0.014416743	-1.3686652	0.12948917	-1.149707	-1.4711944	-0.29172957	0.05510187	802.0892035961151
320	0.1186481	0.0	0.1186481	0.1186481	1.0	0.013781207	0.01096069	0.03146267	0.0013788091	0.007905745	0.009731534	0.02335297	-0.0020639598	-1.3721366	0.12358186	-1.1641935	-1.4772334	-0.28058866	0.119149834	804.7168872356415
321	-0.23320961	0.0	-0.23320961	-0.23320961	1.0	0.024010386	0.003015756	0.028616179	0.020847857	0.029187687	0.005411773	0.03535879	0.02131937	-1.3583025	0.097894356	-1.2123232	-1.4753388	-0.29430413	0.048590057	807.1733613014221
322	-0.021099102	0.0	-0.021099102	-0.021099102	1.0	0.016771847	0.011684794	0.027373858	-0.002737618	0.017565701	0.015515278	0.032788146	-0.008384766	-1.3794467	0.174325	-1.1110101	-1.5392826	-0.2887123	0.07362396	809.5994811058044
323	0.14494933	0.0	0.14494933	0.14494933	1.0	0.0082901	0.009036132	0.01826831	-0.0047101825	0.0033471128	0.014680116	0.023896534	-0.015855	-1.5012027	0.20847787	-1.3628428	-1.8616505	-0.3011471	0.0527434	812.0229158401489
324	0.11148957	0.0	0.11148957	0.11148957	1.0	0.00849609	0.008500243	0.021340672	-0.0017475737	0.0127214715	0.011114149	0.029216584	0.0010952242	-1.4050379	0.20266627	-1.0592723	-1.5628524	-0.29045597	0.08703362	814.4709448814392
325	-0.18257071	0.0	-0.18257071	-0.18257071	1.0	0.010291552	0.0075312653	0.021086553	2.3746863e-05	0.0052532805	0.0026408215	0.008967467	0.0015242808	-1.3869962	0.17022437	-1.0967007	-1.5206002	-0.2809369	0.029304314	817.0067374706268
326	-0.17222796	0.0	-0.17222796	-0.17222796	1.0	0.01867846	0.0019343996	0.021269286	0.01662668	0.019523863	0.007109869	0.028120428	0.008540217	-1.3039799	0.09501778	-1.1637506	-1.4258878	-0.27648246	0.066278726	819.5513083934784
327	0.042964086	0.0	0.042964086	0.042964086	1.0	0.020636871	0.005330651	0.025887083	0.0133816	0.02294065	0.003372918	0.028607007	0.019803204	-1.4990702	0.2444557	-1.2626266	-1.9090037	-0.3190993	0.061202817	822.2718234062195
328	0.25599393	0.0	0.25599393	0.25599393	1.0	0.017985266	0.0036410238	0.022136487	0.013968954	0.019638397	0.010240632	0.029750023	0.00309816	-1.2612064	0.19087759	-1.0621893	-1.4564611	-0.26734903	0.14178145	824.8742620944977
329	-0.41817215	0.0	-0.41817215	-0.41817215	1.0	0.011109641	0.0088052545	0.02136283	-0.001844774	0.012458409	0.01204777	0.023368504	-0.007944871	-1.287296	0.22439192	-0.9018748	-1.4615111	-0.26440802	0.10477607	827.7075328826904
330	0.23448147	0.0	0.23448147	0.23448147	1.0	0.012971243	0.003325021	0.018402535	0.009355056	0.018450819	0.009950055	0.026702136	0.002335742	-1.3948023	0.115911506	-1.2058101	-1.5049658	-0.29069662	0.106518365	830.3317754268646
331	0.25144818	0.0	0.25144818	0.25144818	1.0	0.02615998	0.0067401743	0.035777472	0.0185625	0.018578853	0.00521519	0.023761291	0.009884171	-1.4154058	0.1279524	-1.263016	-1.5497036	-0.30190453	0.061481334	832.9220232963562
332	0.13994992	0.0	0.13994992	0.13994992	1.0	0.024728946	0.004017016	0.029118225	0.018226061	0.02034432	0.004254772	0.025730576	0.015162185	-1.3355383	0.16255002	-1.105567	-1.5601583	-0.28485522	0.1660456	835.5556812286377
333	0.14929524	0.0	0.14929524	0.14929524	1.0	0.024394603	0.006195701	0.033458725	0.017847491	0.024067104	0.0030862726	0.02868547	0.019991677	-1.3748922	0.07598969	-1.2876523	-1.4624512	-0.2954656	0.18199328	838.0604135990143
334	-0.27612922	0.0	-0.27612922	-0.27612922	1.0	0.015812395	0.0038732656	0.020691147	0.010670077	0.016600605	0.005232797	0.024317607	0.010954253	-1.2817755	0.21750169	-0.9275243	-1.5204735	-0.26854232	0.10596466	840.6155259609222
335	0.21663432	0.0	0.21663432	0.21663432	1.0	0.013400241	0.010902988	0.02560845	-0.0037188195	0.005874177	0.010912927	0.018754195	-0.009997467	-1.2691858	0.1978442	-0.9330697	-1.4234048	-0.2602882	0.061796717	843.2470285892487
336	0.24770074	0.0	0.24770074	0.24770074	1.0	0.012484321	0.00930763	0.027092364	0.0013390593	0.013135385	0.010199946	0.023047969	-0.0017829947	-1.2645129	0.17527589	-1.0251648	-1.4875444	-0.26186663	0.14272681	845.9019644260406
338	-0.0018717531	0.0	-0.0018717531	-0.0018717531	1.0	0.014039059	0.010007773	0.028526038	-0.009435926	0.013123634	0.015193541	0.02756346	-0.017759062	-1.3077862	0.116076864	-1.1590075	-1.4888875	-0.2693296	0.05317236	851.2749390602112
339	-0.0063298107	0.0	-0.0063298107	-0.0063298107	1.0	0.019084955	0.006029319	0.025778944	0.011127483	0.015590555	0.008049331	0.02562109	0.004299827	-1.4059494	0.052633677	-1.3552976	-1.4781392	-0.29252362	0.16985656	853.7822604179382
340	0.24390154	0.0	0.24390154	0.24390154	1.0	0.0060002236	0.00533445	0.014729308	0.00043045543	0.009579882	0.0067120055	0.015501004	-0.001052741	-1.314336	0.161379	-1.0760665	-1.5224476	-0.26443505	0.15141553	856.2388458251953
341	-0.26942816	0.0	-0.26942816	-0.26942816	1.0	0.014890093	0.004813152	0.021169169	0.0089049935	0.01536221	0.00513456	0.021886695	0.0076525025	-1.2982528	0.098495975	-1.1486709	-1.4246264	-0.26975784	0.1032348	858.7218976020813
342	0.36164728	0.0	0.36164728	0.36164728	1.0	0.0010248092	0.011535798	0.01644105	-0.013279777	-0.0030979333	0.019124588	0.021933582	-0.02505831	-1.3890266	0.20082614	-1.0697491	-1.6253357	-0.271428	0.14091474	861.1771240234375
343	0.352323	0.0	0.352323	0.352323	1.0	0.0061716484	0.00435085	0.013688344	0.0031846697	0.007155883	0.0056087845	0.01579978	0.0010154359	-1.4338202	0.08487904	-1.3263738	-1.562069	-0.28809413	0.09033634	863.7255034446716
